4.694794919805926e+01   
3.928132229735403e+01   
-4.516164290568798e+01  
-1.097543583423560e+02  
-5.623509136378961e-02  
-5.139929428649141e+00  
1.765011690383707e+01   
-1.600862407514364e+00  
8.552432492027210e-01   
1.962047404013148e+01   
4.781705300058151e+00   
2.712113003894908e+01   
1.343048448357337e+01   
-5.546102347714735e+00  
1.072155045881129e+02   
9.985587472655796e+01   
-2.482620244869079e+01  
-2.686749353262230e+01  
-4.552957166870004e+00  
-7.682404608714474e+01  
9.159137766222452e+01   
-1.872406250053582e+00  
-5.008910937738350e+00  
-2.469703480480114e+01  
-2.089133153546249e+00  
2.797843448115327e-01   
1.654938162772680e+00   
-2.468747665865600e+00  
5.288002609739401e-01   
-6.412522698493249e+00  
2.133012899564571e+01   
-4.608119854244485e-01  
-2.491574325016175e+00  
-2.119880182035128e+00  
-1.153420969987280e+02  
2.289765060177587e+00   
3.548138501508192e+00   
-1.251767791525773e+00  
5.891871586450466e-01   
-1.658747858288246e+00  
1.192897690695635e+02   
3.593718448001583e+01   
-3.747605498528355e+00  
2.717278970935650e+00   
-4.683942097113842e+01  
8.670246370609922e+01   
1.676055432182987e+02   
1.448080925440042e+00   
3.586021613280354e+01   
5.409177173604153e+01   
1.657986575527769e+00   
5.492998434680901e-02   
-1.285508235966150e+00  
1.495737184579151e+00   
3.751405593729237e+00   
-9.827488179606464e+00  
-6.896011858671962e+01  
9.610556217045787e+00   
-4.082231825063086e+01  
-1.279960028508631e+01  
-8.455698447638846e-01  
1.006835485098599e+01   
9.482754947775240e+00   
2.959724044455116e-01   
-3.873318967717183e+01  
-1.071478852454782e+01  
-1.067238097557418e+02  
-8.229947775240124e+00  
1.601252567876290e+00   
-8.959915235346496e-01  
1.677027922354179e+00   
-2.064031810453683e+02  
-4.365738236473615e+00  
1.013664341511516e+01   
4.731963965890389e+00   
-5.115355481790412e+00  
-4.455113163982257e+00  
4.653862171568734e-02   
-2.552945615838994e+00  
-4.781462478835233e+00  
-2.613822722093941e+00  
7.808030439364860e+01   
4.196415505244150e+02   
5.905548246252687e+00   
-2.574683719778976e+00  
-1.457386554760728e+00  
-1.059028453291329e+01  
1.201964396815672e+00   
1.121183563138236e+00   
-4.849955721887184e-01  
5.004388627094217e+00   
3.756392522908859e-01   
-4.289704993865925e-02  
2.914168484631507e-01   
-2.662211079830871e+01  
5.582337306707672e+00   
8.512267186270291e-01   
4.713994078418107e+00   
2.430003367424741e+00   
4.954012165067960e+00   
-3.940095100537154e+00  
-7.375849683232754e-01  
2.765483961257691e+00   
1.803870465736118e+00   
-3.832976120444671e+01  
-5.362267270903010e+00  
-5.917811994525500e+00  
1.723816413441326e+01   
7.472391937292788e-01   
-1.057502938169502e-01  
-2.194641079569186e+01  
-1.642403471150550e-01  
3.664784063924225e+00   
-6.916966035868226e-01  
1.450439114054833e+00   
1.957649536212245e+00   
2.153377989551741e+01   
-6.408178327290014e+01  
-1.268420338041830e+00  
1.020734396929197e+00   
-4.076497216624118e+00  
1.397992998822590e+02   
-9.691789320457344e+00  
1.751718060661591e+00   
3.593542551985892e+01   
2.750847251767634e+00   
4.460294711907015e+00   
-3.223326826765771e+01  
-3.390650532902332e+00  
-1.486287940954099e+00  
-3.018305142389386e+02  
-2.931238666855022e+00  
-1.871308401437273e+01  
1.004931168885449e-02   
3.310996134609557e-01   
-1.230325778033666e+01  
-2.143567931786452e-01  
-1.702629934906367e+00  
-9.755274100903726e-02  
-8.485441345850349e-02  
-2.717742367213952e-01  
-3.696222480322513e-02  
2.276003700734850e+02   
-9.668744084192815e-02  
7.524423589936879e-01   
8.361347099811747e-01   
6.553333252160728e+01   
6.663139496258307e-03   
-3.580377551104720e+01  
6.623342983807316e-02   
3.102511212404733e+01   
6.691291477589755e+00   
-2.766973812212999e+00  
-6.006831265988719e-01  
1.096425556189882e+01   
-4.349956020008636e-01  
-8.629182079970137e-02  
2.217807810160403e-01   
-8.178953452937645e-03  
-4.332521198012773e+01  
-5.150762951619256e-02  
8.214566642289839e+00   
-3.397942288876433e-01  
6.164558209209758e-02   
5.288384789034199e+00   
-3.960635836116809e-01  
1.342394725813302e+01   
-4.884523556129385e+00  
2.217742393179998e+01   
2.226889101277164e-02   
7.002516998809431e+00   
8.477858452275933e+01   
6.513519207030301e+01   
-9.772294616795131e-02  
-3.400730461125697e+00  
8.109022289449525e-02   
1.043581709808987e+00   
6.975902262707129e-03   
7.855859091413006e-02   
5.841778253961459e-01   
4.194676657785504e-01   
3.101083607045941e-01   
2.239306690799972e+01   
-1.478323061677159e-01  
-1.398504857012920e+00  
-2.680347662673650e-01  
-3.835122219726432e-02  
5.145767764923912e-01   
7.918481087521239e-01   
1.007636381991308e+00   
2.536730798818709e-01   
1.025926154778708e-02   
1.022396360634295e+01   
2.740192484091959e-01   
-1.264550902946521e+02  
-1.628641864957299e-01  
3.337881390069961e-01   
-3.039778290580336e-02  
-3.974294821763573e+01  
2.190840698677698e-01   
-1.052770428461279e-01  
-3.768786133021932e-01  
1.852676974869654e-02   
-8.240849232325888e+01  
1.074000911723210e-01   
-1.362998909621813e+01  
4.621684419530644e-02   
4.316539556612766e-02   
3.047998448027881e-01   
5.556891481457411e+00   
-3.490801483111228e-02  
-1.123495002418163e+00  
-3.524982065211933e+02  
-2.507661826685995e+00  
1.470907940624945e-02   
-2.499214751387307e+01  
-6.616246339678816e-01  
3.140205845938151e-02   
-1.696868347250017e+00  
-1.575315852819838e+01  
4.961991279486262e-01   
-1.272674499122700e+00  
-1.077349235635771e-01  
2.434191765147279e-02   
-9.051370879425640e-02  
-1.023789043656299e+00  
-5.833521226358133e+01  
2.337675783280545e-01   
-3.100384692207139e-01  
-3.983209519186610e-02  
-4.316944374049050e-01  
9.463642621814928e-01   
8.269697549881920e+01   
-1.263205322058865e-01  
8.783962373538143e-02   
4.967205233592997e-01   
4.461297297504947e-01   
8.742771923325575e-01   
1.892584888581457e+02   
2.240279137375077e-01   
2.670506265507156e-03   
-5.295915181795136e+01  
-1.120130713530335e+01  
-1.382566205782956e+01  
-2.783478995279801e-01  
-1.269688756311221e-01  
2.171243940496867e-01   
-9.791294147972813e+00  
2.178381415450407e+00   
-1.278072745083219e-01  
1.557919506771219e-02   
-1.524080738974982e-01  
1.109261123028941e-01   
-3.179422277488155e-01  
-5.477891713361592e-01  
1.386810329366380e-02   
-3.829971476996452e+01  
-8.351676724070161e+00  
-3.241520967007575e+01  
4.767335480661878e-02   
-3.157978784523585e+01  
-1.641185454720815e-01  
1.723622560040357e+00   
-1.614273828098289e+01  
-2.801297961561181e+01  
-3.299904131840279e+01  
-7.347779111246589e+00  
1.228749708111157e-01   
4.570772405383531e+00   
-1.029152032713373e-01  
-2.493438163490135e-02  
2.094388927302833e+01   
2.215782081546710e-01   
2.598368746978379e-04   
1.696633540776715e-01   
-1.011022640403696e+01  
5.239439257124006e-01   
1.004821510485542e+00   
-1.562267438533036e+02  
-2.486576136403022e+02  
4.438932577842689e+00   
1.501741133580640e-02   
1.005958230983971e+00   
5.461839820013477e+01   
-1.192774017354141e+02  
4.997503097382244e+01   
-2.065348173502786e-02  
-1.572342421581536e+02  
2.767257923829672e+02   
-5.442609329168901e-01  
3.978332285536536e+01   
1.013994992375967e-03   
-5.923974623804736e-01  
-7.911446638136797e+00  
-1.414177322753549e+00  
-1.281737051724548e+01  
-1.596237089738861e-03  
-1.009773373047605e+01  
-1.017278050752574e-01  
-4.376111194166386e-05  
1.291265897626681e+02   
-1.563608749272253e+01  
2.492370891996815e+01   
-2.555894377410259e-02  
-1.858011385399107e+02  
-3.558525249680930e+00  
-7.500756079167080e-02  
2.201620292029690e-02   
-2.289510027958869e+01  
2.747804043852676e-01   
1.320614464465476e+00   
1.579899047333865e+01   
-1.156949939343367e-01  
-3.602127001630550e+00  
-4.119839289942921e-01  
9.725353603587929e-02   
8.795430044270197e-02   
-9.025405410766377e-01  
4.019360567075763e+00   
2.235798938369151e+01   
-1.597686371702641e-02  
1.479428142289486e+01   
-3.120746744229878e-01  
-6.174360463248846e+00  
-2.891039543555455e-02  
1.992498413484198e-01   
-3.432105863308812e-01  
-8.506071439617818e+01  
6.029883488983595e-01   
-1.212958601522219e-01  
-1.050085149895624e-01  
4.340202528572632e+00   
-6.521249916270999e-02  
9.328255805564535e-01   
5.273060227426155e-03   
2.662017846578443e+01   
-3.208981871476821e+01  
1.680295714551203e-01   
4.636762687021087e-02   
8.641531398597577e+00   
8.965634309318533e+01   
1.912943751033508e+01   
-5.067254248429080e-02  
1.186931078228768e+01   
2.970994275029126e-01   
2.509198775543693e-02   
3.262658997516992e+00   
-4.526836244857260e+01  
-1.419199043950456e+02  
-3.498278987768649e-02  
1.745410742886500e-01   
3.202523231472824e+02   
-3.154573036677321e+01  
-4.815157969192218e+01  
-1.523803635788394e+01  
5.279010836185957e+01   
-1.746143135381447e+00  
-1.778223873925036e-01  
3.277206267152538e+01   
-3.184727433665646e-01  
4.953399073146761e-01   
-1.058759570172829e+02  
-1.429728544583742e-01  
-4.889086961024739e-01  
9.978829655024799e-01   
-1.629081584155248e-01  
1.130220614692766e-01   
8.879395168265772e+00   
-6.282029493345569e-02  
-5.763598227524331e+01  
1.556554869616289e+02   
1.528033483086950e+01   
9.149943317567464e-03   
-4.853864943680247e+00  
5.231336075333606e-02   
-3.742899085207333e+01  
-1.251658100473857e-01  
8.620295673921280e+00   
-6.189001797578634e-02  
-1.920932487825174e-01  
-4.404100763443967e+01  
-1.320860073694441e-01  
2.445023398458000e+01   
2.462114932648761e-01   
1.180883329673077e+01   
-6.315816410791948e+01  
-2.384744558607329e+01  
-8.495166227070158e-02  
-1.226792019518803e-02  
1.132349177501309e-02   
-3.516858428956144e-01  
-6.984790449643514e-01  
-7.665966089813245e-02  
-1.192781976430284e-01  
6.655314120502330e-03   
3.122105455604988e-02   
-6.336542223571550e+01  
1.125481071162922e-01   
1.602877306228149e+01   
-1.997533835524842e-01  
-1.508143498662192e+00  
-3.170414377836976e-01  
-5.499366274163891e+01  
6.763425034667080e-02   
1.494643221868454e+01   
1.058087297520742e+01   
2.744062646011992e-01   
-1.424758094127131e+02  
-1.073528355746306e+02  
1.989857838855242e+01   
1.598538053217612e+01   
-5.708806695067571e+01  
1.108631618203254e+00   
4.748247274872841e+00   
-3.036253869274295e-02  
-7.008635985103809e-01  
6.801003357879244e-01   
-7.767098387635912e+01  
-6.845225104558605e+01  
4.631921334728040e+01   
2.054162231463070e-02   
-4.089172545533031e-01  
-1.301969799599555e-01  
-7.903108725266458e-01  
6.535366266341999e-01   
-2.455192900638121e-01  
2.558570616421616e-02   
-7.542526239982383e+00  
1.055722493394210e-01   
-3.147359497844330e-01  
-4.861469755895759e+00  
5.241841011464922e-01   
3.336094127707164e-01   
2.074227581484460e-01   
-6.020757280973493e-01  
2.429490833260719e-01   
-3.875968977764633e-01  
9.946048551339633e-03   
6.908761083617593e+01   
1.058659075935244e+00   
1.785243777668661e+00   
-6.907522233665155e-01  
-4.670811667516949e-01  
-2.699964873989161e+00  
1.309601588701431e+01   
-1.103319582327770e-01  
2.096902374986703e-01   
4.684629133281833e-01   
1.624450123174443e-01   
3.117272177052794e-01   
-7.914091489721089e-01  
-1.565734498499193e+01  
-1.184231981221682e+00  
-1.242320200940807e-01  
1.309331904965852e+02   
-5.417154810726285e-03  
1.639629238348791e-01   
-2.074784309841956e-01  
-6.060056263574991e+00  
-1.442638001417661e-01  
-5.498577113997593e+00  
-1.925724688217236e+00  
-4.559883620607901e+01  
-5.436429008607652e-01  
-6.775578409259942e-03  
1.824760583541561e+00   
-7.911690254476315e+01  
2.249698190291369e+01   
1.652135714648987e+00   
7.821588974499091e+00   
1.652062440814493e-01   
-7.940878501246212e+01  
-6.675210546508038e-01  
4.772896097541313e+01   
2.660189360002548e+01   
7.132359523196521e+01   
1.698241772310133e+00   
-6.354375670663007e-01  
4.205309154604377e-01   
9.899095574341957e-01   
-8.155789259678728e-01  
-2.678616635307530e+02  
1.061757846877268e-03   
8.264993275358481e-02   
-3.287682108900920e-02  
-4.265145747197588e+00  
6.110002666440773e-01   
2.266228437194845e-01   
2.036194454869985e+01   
6.914100608774847e+00   
-1.734325981540714e-01  
1.809607597888328e-01   
5.518568443510267e+01   
6.132065511792887e-02   
-2.755231585398754e-02  
1.226902876425144e+02   
3.988761440413187e-02   
-1.198778829704340e-01  
-2.227383318975927e-01  
-4.014941822314177e+02  
-9.275709809966610e+00  
-5.706649807440000e-02  
1.111614852006742e-02   
1.783229026384395e-02   
-1.079560213546632e+01  
-8.526267953034329e-01  
-1.052663127516255e+00  
4.021871440151973e+00   
-7.941539607731352e-02  
8.288135406356999e-02   
1.110479176303057e-01   
6.508396081854778e-01   
-2.736793289755802e-01  
-8.804684126481258e-02  
-3.900996026860765e+00  
9.012416550194729e+00   
-4.315321553872459e-02  
1.991852482345886e-03   
3.806907652517953e-02   
-4.737932515958981e-01  
2.409911677653045e+00   
1.349905622441828e-01   
3.902642401086122e-01   
3.855791372191481e+01   
-3.290702926140726e+01  
-1.833208968050245e-01  
5.997963745198155e-01   
-1.025372834627433e-02  
-5.071735872746935e+00  
-2.034472456334658e-02  
-1.411892857459419e+01  
6.511428640304110e-01   
3.558770267625577e+01   
4.999355961051282e-01   
-8.539970590106678e+01  
-6.027065321877888e-01  
1.377462592104852e+01   
-6.010009239561796e+00  
-9.753587326646139e+00  
1.172497863476588e-01   
-9.457889989229776e-04  
-6.926621835379881e+00  
8.559820447715789e-03   
-2.247108915821633e-01  
3.429550693733561e-01   
-1.196143607910773e+00  
9.054467247991618e-02   
-3.433753086174385e-01  
2.546743406986546e-01   
1.179484206114136e+01   
-2.447954813561964e-02  
-7.975034546707511e-01  
5.462080275971302e-03   
-1.357325311397374e+01  
-5.648289109771650e+00  
-4.055409755390315e-01  
-1.101092111702820e+01  
2.690574002518735e-02   
2.946679575723248e+01   
-7.053926007370793e-01  
2.347100439455709e+00   
2.642265668374492e+01   
3.223141855108698e-01   
-2.458225335774365e+01  
2.994505478511079e+01   
-2.530997894746210e+00  
2.969827848294741e-02   
-6.651255888353570e+01  
-1.817001693130154e+01  
9.561490161311047e+00   
-4.891952035869273e-01  
1.068188301332544e+00   
-3.984567033357558e-01  
4.656526052109282e-03   
-4.202430306662136e+01  
3.497210473014425e-02   
-4.586564264787293e-03  
1.590240324651218e+01   
-1.874058419719441e+00  
-8.972040173709456e+00  
-2.105829010287426e-02  
-2.710081204720871e-03  
-4.211276883938564e-02  
-1.550279177863721e+00  
1.497561269137905e-02   
-2.369212264958150e-01  
-1.938374689268800e+01  
9.672150246786858e-01   
2.593941861288013e+00   
2.838900389732046e+00   
7.169760974314815e+01   
-6.970234994357489e+00  
-4.269503075520808e+00  
-4.511768942653328e-01  
9.594131062128809e-01   
-3.056159949385797e-01  
2.889878482793779e-03   
1.384416620328457e+00   
-9.963384736599305e-04  
3.746440604916239e+00   
-1.032116830446309e-01  
1.225412369487106e-02   
-4.121462407879387e-03  
-1.350681313833823e-01  
2.130333272001892e-02   
-2.509730509478019e-02  
-1.076983779460420e-03  
2.343675123034095e-04   
-5.907202591460459e-03  
-9.475266552700615e-04  
1.298362047805797e-02   
-2.919175725301426e+01  
-7.853927418291518e-03  
3.441868100838241e-05   
-8.024768491560719e-02  
-6.314958511399600e-03  
4.858966672238182e-01   
-5.704408980234015e+01  
-1.392600557051958e+01  
1.900032872012383e-02   
1.605546723682745e-02   
-4.045416441329513e-04  
-6.759237424572112e-02  
9.099264672105155e-01   
5.798723356126089e+00   
5.267137276581397e-02   
-2.047054871103517e+01  
-8.283553270438579e-02  
4.015770271907144e-03   
-1.709533522742638e+01  
2.966595921153438e-03   
4.373172826253862e+01   
1.214297410161616e+00   
-9.864587259698238e-03  
-7.758009686316701e+01  
1.026705624615283e-05   
3.193224655109465e+01   
-1.951119894356937e+02  
-1.642025951160410e+01  
6.320980718893469e-03   
9.150496329284555e-02   
-3.930702251675185e-02  
1.337456208111362e+00   
4.556599092817143e+00   
-2.089101821777886e+01  
-9.829808517578342e-03  
3.633457924157387e+00   
3.068122658863931e-03   
3.371859871775171e+01   
-1.037801063021322e-02  
5.992506763561898e+01   
2.980216373238192e+00   
3.613378817650170e-02   
-1.149379932326175e+00  
-9.901820516190376e-01  
-4.071651913337861e+01  
-1.419337781528054e+00  
-1.271859295042133e+00  
-3.228778408739868e-03  
5.478575452115434e-01   
-1.371171513686068e+01  
-2.592881014961460e-01  
6.883394629030292e+01   
1.207531153015630e-02   
-3.734854421710192e+00  
-3.127108877519214e+00  
-5.139820394279261e-01  
-1.096438631789396e-03  
6.619050043027408e-01   
5.971332243365533e-02   
-2.474644213731643e-03  
-5.328145640751630e-01  
-1.146656345996145e+00  
-9.825886844005752e-01  
8.572571157103488e-05   
-4.630593007235527e-03  
1.607891990332460e-04   
-5.468571275708781e-04  
7.721672844303363e-01   
6.560756247808178e-03   
2.076990560644856e-03   
-3.048893538073975e-02  
5.987116577985707e-01   
4.566221823741361e-03   
-6.993727716359466e+01  
-3.781890802028884e+01  
6.669094012196937e-03   
2.976303768181758e+02   
1.852684096821222e-02   
-1.020741492016132e-02  
-3.010401062946208e-03  
7.195822584791884e-03   
-2.403847345197379e-01  
1.551745578979507e+01   
-5.719394433813758e-03  
-1.969960411204526e-02  
2.390746200729945e+00   
1.419574287479897e-02   
2.560917506537439e-01   
-6.733201332525255e-04  
-2.992956325383665e-02  
3.777677506484556e+00   
-7.708167555372694e-03  
-1.512731157590188e-02  
1.066468245557908e+00   
-6.041350810897222e-04  
4.206241112395462e-03   
-1.408129047205840e-02  
4.951296641012008e-04   
7.505768685969606e-04   
1.031349843539940e+02   
7.221767611075217e-02   
-1.185340856380271e+02  
3.517275724042807e-02   
2.584085469486164e-04   
1.798268792499665e-02   
-6.876685130012491e-02  
-7.421420980588169e-01  
4.070130909638642e+00   
2.108765365933126e-04   
-1.027502272765056e+02  
2.341404668491532e-02   
-3.589702284079172e-04  
5.938851833549917e-05   
-1.451279969710304e-01  
-3.149111039192600e-02  
1.481486288325096e-01   
-2.017351600515361e+00  
9.330140960219993e-01   
-1.902491893160754e-02  
7.796487485237468e-03   
-6.643794394068360e-02  
-1.846923631945768e-04  
4.139235070793136e-04   
-8.948619790231684e-03  
-1.993637063407946e-02  
8.514369226225271e-01   
1.140380158037276e+00   
-6.466405352218876e-05  
-3.443070876001287e-03  
-1.457327618413914e-02  
8.303939473872884e+01   
6.447050377374480e-04   
3.274993991337889e-03   
-2.614662684679653e+00  
-8.300901495808052e-01  
-3.449564473743860e+00  
-1.223865077554613e+02  
-1.391478857275587e-02  
6.933071200868572e-03   
-2.465131977302267e-04  
-1.405965362966801e-02  
-1.054182317314440e-05  
-2.493917708129069e+00  
5.094384711151344e-03   
1.234301170915576e+01   
-3.918698756331294e+01  
-5.866834178753273e-05  
5.111985674121204e-04   
3.973781848290820e-03   
-3.718679382211976e-02  
9.449594495213787e-05   
-1.075732858859134e-01  
-6.619506940618260e+00  
-1.652360786963551e-03  
-1.209136889147860e-01  
4.993179420298895e-03   
1.376819831496325e-02   
1.564876174956523e+00   
-2.940390480829516e-05  
-4.541088011998839e-01  
-5.494753703779032e-02  
4.994066852928887e-03   
7.942383903570386e-01   
4.063747648198821e-01   
-1.954174355676390e-04  
-5.282536936784865e-04  
-6.750287046305885e-01  
-4.450385446962892e-01  
1.084943811029200e-03   
-1.150672225665590e-01  
-2.785063141302275e-03  
4.645901119229875e-02   
-1.461400386455262e-03  
-7.888639884525629e-01  
-1.228593705098881e-03  
1.304612625572370e-01   
-3.907756836606272e-02  
3.374886153405767e+00   
-4.795068424938384e-01  
1.230276372474711e+01   
9.785748019264722e-01   
-1.368055488086159e+01  
6.448967954831243e-04   
4.578153642310220e-01   
-8.135749548602736e-02  
7.364746232384601e-04   
-2.951742387991142e+01  
2.907749553181560e-02   
2.746291803939895e-03   
7.246610512419166e+00   
6.223313310542698e-03   
-3.341414883291467e-01  
6.504922314460234e-03   
-9.499259622894061e-01  
-6.049920103447396e-02  
3.501994660003021e+00   
-4.957414473885610e+00  
2.007771891556401e-05   
-6.243940767406677e-04  
5.822772388836410e-02   
9.461894301350611e-01   
1.756957347841730e-03   
2.821512032627796e-02   
1.687276278172062e-02   
-1.075311514677011e-02  
-7.289674116168432e-03  
-3.620108139465537e-03  
2.551564819683645e-01   
-9.281086710856158e+01  
-2.427757285439401e+02  
3.116320223511416e-02   
1.283675536196625e+00   
-2.553051350375440e-02  
1.631872123135434e+01   
5.179951993550335e-02   
3.483304444842104e+01   
-3.548678042633455e-01  
-2.462174789224256e-01  
8.172277262181077e-01   
-4.843689968170159e-04  
-2.905942783047386e-01  
-2.473051876692091e+01  
2.356550279430876e+00   
-1.912282978097626e-02  
2.575810416212762e+00   
-1.734416303749352e-01  
4.854900906991649e-01   
-8.521228356355453e+00  
3.146101434119893e-05   
-5.359822369852801e-03  
1.907151632509311e-01   
3.168840985265097e-02   
6.758690966366673e+00   
2.700748538930141e-04   
-1.653071590411071e-03  
-2.650076059620465e-02  
3.728813896524210e+00   
4.810261555209424e-03   
2.539030747986433e-01   
8.508413133706343e+00   
-2.900614725263930e-01  
-1.202349069257280e+00  
-3.413859603405419e-01  
-2.466771093435068e-02  
-2.975519341560758e-02  
3.953750438131055e-02   
8.139085612958795e-02   
1.529298372250962e-04   
1.844816557557335e+01   
-6.496322968321495e-03  
-2.590198507889040e-01  
2.880331652428485e+00   
-3.215904638573389e-02  
-1.890687329341491e-01  
-1.060962994771101e+00  
-3.182077449467473e-01  
-5.213358520344630e-03  
5.629303947575515e-03   
6.045713418937744e-03   
2.787338424061496e-03   
1.575965301042289e+01   
-4.229726167462371e+00  
1.379513525668830e+00   
1.224640723525592e-02   
1.161788370848648e+01   
-4.252682632936682e-02  
-6.864828456039152e+00  
2.428305022178323e-02   
-1.254445065906461e-02  
-2.560260305467111e-02  
-2.156860342718352e-02  
-1.192511084040978e+01  
-2.650707760490073e-02  
-6.155789584422067e-04  
1.712736251321053e-01   
8.483645156280450e-02   
1.803904877768392e-02   
-5.086932369229272e-02  
-1.968723633266468e+01  
-6.254702977700696e-01  
-4.499856219574195e-01  
2.331068280384227e+00   
1.306502015254383e-08   
1.241392284389485e-04   
-2.826251767368316e-03  
6.752465557459896e-03   
3.671084558829366e-02   
1.452882593022841e-04   
-2.008192948172279e+00  
3.185218253817769e-03   
-4.885005288138259e-03  
-1.071781052045991e-02  
1.302188204475096e-01   
2.378046602297596e-03   
6.488645985757067e-03   
1.337514058834588e-03   
-1.919001664554755e-01  
-7.868150703598381e-04  
6.750840352374801e-01   
-1.304399180197248e-02  
2.541514550159356e+00   
-2.798721069189838e+02  
-4.465022820854598e+01  
-1.453714625848908e-01  
-1.726778524597627e+01  
-3.116967284754527e-03  
1.940247548880884e-03   
-1.958011980842111e-03  
2.081015007926132e-03   
-4.332108751809179e-03  
2.679041278623503e+00   
-1.154336708771807e+00  
4.621899488690843e+01   
-2.270970712002789e-04  
-5.188310731575101e-03  
9.831292159155605e+01   
-4.159126349333369e-01  
-2.371364798264449e-02  
6.151017596431675e-04   
-2.151603960151841e-02  
-1.607079314018292e-01  
2.677692094062918e-03   
1.013662623767941e+02   
8.401890301880943e+01   
5.685001472820253e-02   
1.275944134474788e+02   
-1.042670722719579e-01  
1.361057302199014e-02   
-1.805990166028538e+00  
-6.212386857752985e-02  
-2.570637903487491e-02  
2.416539345388995e-06   
4.117714152214137e+01   
1.604073386134352e-02   
5.749747916238794e-03   
1.307861318142458e-02   
3.445171503203762e-01   
5.218671498756208e+00   
5.867378205586658e-02   
6.593911596728803e-02   
6.296544023571811e-03   
-8.641320764918959e-03  
-1.119942380764318e-04  
1.005579131238973e-03   
2.861347715184514e-02   
-8.878896423981350e-05  
4.442792059429412e+00   
-1.508909717115463e-01  
-3.768666923407375e-04  
-3.167027196754503e+01  
2.334116608819421e+00   
-1.468133693134321e-03  
-1.130995947399128e-01  
4.563278099254384e-02   
-2.772624453752827e-02  
9.708831260232774e-06   
-1.801725915923076e-04  
2.610249123226967e-03   
2.504669911985739e+00   
4.191276939704554e-02   
7.187145001899418e-01   
4.607348665303819e+00   
7.521341952839949e-01   
3.230220175214813e+00   
-7.918337316746033e-05  
2.305497281969428e-03   
9.511027474935843e-04   
-8.617785226320522e-03  
5.338846850959789e-02   
-9.432111002309649e-05  
-5.409818480386628e-01  
-8.326751567091438e-03  
-1.029775355801871e+00  
-2.516774475462410e-01  
-3.631411562319964e-03  
-1.338435602907317e+02  
-6.739267005678804e-03  
-6.634854412508504e-04  
-1.818926829909375e-02  
-8.768314352569806e-01  
-1.215729195391306e-02  
1.581878995376317e+00   
2.515022320535863e-03   
3.063669016192166e-02   
-3.923321576794509e-02  
2.017761113637975e-03   
1.442126404361278e-02   
3.688513105763655e-02   
-5.115113528143135e-02  
-9.578988679059590e-03  
2.547389467328278e-02   
2.404659982710093e-03   
7.373926371213224e-04   
-3.448376302096386e-05  
-4.077470165564423e-01  
-3.162147093949909e+00  
2.474274058597811e-03   
3.934126059912465e-03   
-1.842483926743137e+00  
-3.384870769542120e+01  
9.365160182551947e-03   
-3.820966724447054e+00  
6.577709335581211e-02   
2.930166178621856e-01   
-1.877535818746797e-04  
-2.433845983162973e+01  
3.967904366966196e-02   
-1.969459975126214e-01  
-2.554467587772502e-01  
-2.862770300929338e-02  
-2.039386203724382e-02  
-5.319900992839034e-02  
7.122910764475314e-01   
3.077623903526043e-02   
-6.386569165599315e-03  
7.337586776862393e-03   
1.086068105011759e+00   
-2.721605382430484e-02  
-2.782038494049031e+01  
1.400615736351620e-02   
-1.190809090433282e+02  
-1.826855745351716e-02  
-2.241473852628225e-03  
2.277591446513625e-01   
-9.330801158534288e-01  
4.119847039317305e-02   
-3.378707690372076e+00  
-8.539108998285448e-02  
-4.084468239810236e-02  
-2.063249878668028e+02  
-1.256212847906545e-02  
-3.830281200867925e+01  
3.730167057294605e-04   
5.644139651388953e-03   
-2.469435564644640e-03  
6.269156343454275e-03   
1.361265107459861e-02   
1.778843712494495e-04   
-1.802792278541805e-03  
-2.752703238504790e+00  
-4.124322051345153e+00  
-5.110787968817179e-02  
6.777363044092338e-03   
1.244755502442057e-01   
-3.364477775423622e+01  
-1.048368430788864e-04  
5.945482419101035e-01   
-7.391916551016214e-01  
-1.225376514010004e-02  
5.366223218285937e+01   
1.158761804886478e-01   
5.812489526129859e-02   
-2.253693976402171e-03  
8.474107358243943e-04   
-5.584425887390586e-02  
-6.380754268659156e-06  
-4.684939210791435e+01  
1.585127398192372e-02   
-1.050117074836401e+00  
-9.128497049429737e-02  
4.516371211516513e-02   
-2.360378141373730e-02  
-8.850235965696044e-03  
5.452148314248894e+00   
4.361279848716748e-05   
9.932344451866842e-03   
6.946815852643732e-01   
1.051389267875679e-04   
-7.514313985335219e-02  
-1.430775435122906e-02  
-2.065615900002562e+00  
1.466387123663224e-01   
-2.597812813753581e-02  
1.278884189953747e+00   
-7.865419759117703e-04  
2.361542239494279e-01   
-2.357648196062473e-02  
-2.210776405972826e+00  
-8.019541475304032e-02  
3.779877221489662e-02   
4.758841121704394e-04   
-4.094667182084514e-04  
-3.266803950938891e+00  
-5.365278092984224e-02  
1.148658153303497e+02   
-7.961199080995734e-02  
2.111095402271132e+00   
-6.981837981456792e-01  
9.076045052781477e-04   
-3.080682669443597e-04  
3.487509460015988e+01   
1.249841423952357e+00   
-1.882649880755890e+01  
7.668105731401997e-04   
-8.312947639647405e+01  
1.889734337068624e+00   
7.556961016701640e-01   
2.215629872845276e-02   
-2.425837048116150e+00  
-9.326319093041079e-01  
-2.904112315817531e-05  
1.166296922541309e-02   
-3.612260309320390e+00  
6.574714379340014e+00   
1.231292578365316e-01   
2.241941705827195e-02   
9.989343121239872e-05   
-5.266994622644648e-02  
-2.171217036347910e-03  
-3.124928247701015e-03  
-1.158522546009173e-02  
4.523630154333506e+00   
-4.780022814648938e+01  
1.005893219606447e-01   
-2.091416552153840e+01  
-5.275137113971782e-02  
-1.517873447470035e-03  
-1.090800019179740e+01  
5.638521715250489e-02   
6.595982332343401e-03   
1.302601297549394e+01   
3.175989000858184e-01   
3.442268704028907e-01   
-1.046338399431016e-01  
1.221812964165564e+00   
1.972536716639768e-04   
-1.274477159466528e-01  
5.316662238355245e-01   
5.633755715539925e-02   
2.308483930418612e-01   
2.179510645244266e-02   
-9.096842038765157e-04  
-2.191210402646943e-03  
-7.561075198356613e-01  
-6.477142013305620e+01  
2.509093615659357e-02   
-9.017858744761794e-01  
-1.230062185950839e+02  
3.283499513845931e+01   
2.104623159215290e-03   
-7.320238328935106e-01  
-4.737149378625538e-03  
-4.629620538306375e-03  
3.757598707224701e-02   
-5.072480263003197e-04  
1.911436788773094e+02   
-1.080387720104516e-02  
3.093472689290874e-04   
-2.053947058189081e-04  
1.889818836361232e+00   
7.649714247788875e-01   
-2.156760673419701e-03  
2.501041206585050e-02   
2.077286962677597e+00   
2.760173217549124e-02   
-1.260907343287239e-03  
-1.954483965556862e-04  
-6.233788396684662e+01  
1.623557423039034e+00   
-3.111479512154376e-03  
-3.100907158483193e+00  
6.580734478882974e-02   
-8.220024720367590e-03  
-5.572711724829274e+01  
-2.384851471355821e-04  
-1.161697658892143e-03  
-5.206803910909693e-03  
3.197361938119763e-03   
5.987343953596159e+00   
1.471782382590459e+00   
-4.221330439386809e+01  
3.119765391540036e+00   
2.861130305342301e-02   
4.163158647103181e-01   
-1.697568808648961e-03  
1.793345179134064e-04   
1.087423989844575e-02   
-2.256036093360403e-03  
1.911903376394573e-04   
-4.028601669343200e-04  
-8.838359836467651e-03  
-2.813524092770648e-01  
-2.748627901559097e+00  
1.806649315616165e-02   
-1.219353167715159e-02  
-4.765820202257636e-05  
6.373449943062785e-02   
1.640943106195354e+00   
-2.932337741520092e+01  
3.928796681886556e-05   
9.017064506482558e-01   
3.198249426269323e+00   
-4.274300684872438e-03  
4.564608776197024e-03   
7.968766494911037e-01   
-1.521422095525750e-02  
3.773394583053808e-02   
-2.246167309839223e+00  
-2.277163384625920e-03  
2.002536493070926e-05   
1.692768576645242e-01   
-3.883771398226409e+00  
1.656006973599739e-04   
2.218745269688917e-05   
-1.945714407977001e+00  
9.529553078018218e-04   
-3.412514360445382e+00  
-3.230190260312004e+00  
-6.323698638558211e-03  
9.283478809340971e-03   
2.515250597245992e-01   
6.229624912363498e+00   
-3.467700881929603e-03  
7.549914827127410e-01   
-1.041508773203979e+02  
7.209941931531010e+01   
-1.624567194336702e-02  
-4.966276696168191e-03  
-4.814488953470909e-03  
1.101006195666173e-02   
8.426665031056614e-03   
7.635458941348537e-04   
-1.225733891588470e+00  
4.579698917552879e-01   
4.234758312869257e-07   
-3.132952378662976e-03  
-3.585387897224735e-04  
-2.064010593399551e-02  
1.180808405807371e+02   
-7.966514635544213e-04  
-1.202044304224981e-03  
3.097738730315763e-03   
-4.573622034814265e-04  
1.852849045608990e-02   
-2.471428553104111e-03  
-8.026318577075017e-01  
2.783770333886193e-01   
-3.183865488437605e+00  
-1.429681982425055e-02  
-8.073926471975673e-02  
6.042090282225610e-01   
-2.905677797886740e-07  
1.127671453929787e-04   
1.299799280907543e-02   
7.721118786143968e-02   
3.766090337752833e-03   
6.220521542402736e-03   
5.273325206913880e-08   
7.786361816710414e+00   
-2.561400285468436e+01  
-9.989250913464033e-02  
1.695134381823281e-03   
1.609983773568995e+00   
1.357786912749812e-02   
-6.241518044927892e-02  
1.880175574497456e+00   
7.100594207777827e+01   
2.120694398729293e-03   
6.655796944094492e-01   
-7.942729199050349e+01  
-2.510931117411407e-01  
-2.203865274707083e-05  
-4.299098734130914e-02  
-8.004074724552404e-03  
-7.654833071091937e-01  
2.466953136592852e-02   
2.431933998196724e+00   
3.515776042962245e+00   
1.051979101152545e-03   
-1.131263162393927e+00  
3.322516675934131e-02   
-1.748791957928498e-02  
-4.614892189005051e-02  
6.701511283301717e-04   
-4.817171559456136e-01  
-1.027890559955407e-03  
7.545930566305301e-04   
-5.331761750438453e-02  
-2.497262867240002e+00  
4.821006153456987e-03   
9.496030680936990e+00   
7.046972922288600e+01   
1.146593876320920e+00   
2.005467581245385e+00   
-9.632288297586486e-02  
-1.448725702539920e-03  
-1.081735549789417e-02  
1.006307176458804e+00   
-3.904545005132918e+01  
3.393664789578766e+01   
2.647053123998385e+01   
-1.818393532986515e+00  
7.439364797122269e+00   
-2.717075866866073e-02  
-2.589101957919002e+00  
1.762614493072758e+00   
5.755172181800126e-03   
-5.214918889698192e-02  
8.825958921426296e-01   
4.792385645041474e-03   
-8.282341718596907e-04  
3.870833483995023e-03   
-1.127847448734778e+01  
1.028465818643810e+02   
-7.483478178783211e-01  
-3.768561610458410e+01  
-4.486554437133267e+01  
-1.097622571933973e-02  
6.263516554557398e-03   
-1.549596565692157e-02  
1.307859707401499e-02   
-4.532213366289292e-02  
1.883766487099170e-03   
-2.449842477178074e-02  
1.458414524196850e-02   
-2.082716975184277e+00  
-1.618437752858820e-04  
5.179248661707182e+01   
-5.795247411500239e-02  
3.822052771301648e-03   
1.468413941598676e-04   
-4.977930042908183e-01  
-8.169497014501180e-02  
1.252382404832721e+02   
-2.030191064312589e-03  
4.219345682573533e-03   
-3.587915706396808e-04  
-7.858443597179417e-02  
-1.329282506000893e-02  
1.832127168971796e-03   
-1.365108504770723e-02  
6.221168560364418e+01   
-2.638784207868941e-02  
3.973951273864164e+01   
-2.753822089701458e-02  
-1.354715857087626e+00  
1.132823991446819e-02   
4.750213036639290e+01   
2.653961789383983e-03   
1.600338066229895e+02   
1.008058535087894e-02   
5.094327245185958e+00   
-3.020579147225600e-03  
4.500916968446159e-04   
2.269815688463273e-01   
-8.047939217639014e-01  
8.068440106765783e+00   
-6.556800187391559e-03  
1.904736890214891e-01   
1.791144759329389e-03   
8.046769458471955e+01   
2.863274040332986e-03   
-3.746838292635779e-01  
-1.897325632511859e-03  
1.316985148712532e-01   
-1.509466993687798e-03  
-7.004835551593240e+01  
-3.595732619786294e+00  
2.183077674322363e+02   
-2.643085760203022e-03  
-5.055566966235136e-02  
-2.568422447901599e-01  
-1.947366094331094e-02  
-2.856109133519689e-02  
2.629333123775485e-05   
1.143945582952997e+00   
4.006382827598012e-03   
3.859733044570635e+00   
4.205463904707162e-02   
-9.649700545656786e-04  
-1.191692908192887e-01  
-3.020796480039086e-03  
1.673500689654424e-01   
8.165489692180191e-03   
1.026109711679860e+01   
-3.678376784220490e-04  
-1.349684928377866e-02  
3.427835260097201e-01   
-1.663191089243612e-02  
1.085954446285973e-02   
-9.079079697394819e+00  
-2.773336889555208e-02  
3.973448529128435e-02   
6.197067476670391e-02   
1.375258517405291e-01   
-8.403273373895739e+01  
8.469845675388184e-05   
2.143581045994144e+02   
-1.554509506603693e+00  
-5.773867257010852e+01  
-3.720840459588055e-03  
-2.280305010993439e-02  
-7.635027070825961e-03  
1.257113953507002e-02   
1.371799924053151e-03   
-3.189727386305690e-03  
2.222525581561424e-03   
8.574684051353362e-03   
-3.865997156375517e-01  
9.275526126240173e-02   
-1.711368445677536e-01  
2.989399665517402e-03   
-2.418518236659488e-02  
-6.822239001599816e-04  
-9.867102900512673e-04  
-2.055861277870324e+00  
-3.951017256866909e-03  
-7.947419044576855e-04  
-7.144857110935752e-03  
-4.430725552833345e-02  
4.624749937621909e-01   
2.687152054025297e-03   
5.901305655065791e+00   
1.473192900236599e-02   
7.404798998165331e-04   
-2.133928455382589e+00  
2.739261975080418e-02   
1.410194744856550e+00   
1.362343497469522e-02   
-8.736523536267952e-01  
3.791216717408334e-02   
-3.297823161292697e-01  
-1.531950850168623e-02  
-6.693190652071471e-02  
-3.521383207682013e-01  
4.646604658477710e-03   
-3.352557450131630e-02  
-4.696628900767753e-03  
3.937740912764486e-01   
-4.732578419589904e-03  
2.308026375993287e+00   
-2.715263583900491e-02  
4.364647173784464e-03   
3.770909406091387e-03   
-4.992344780570891e-01  
-7.227850128683645e-02  
5.650536992821985e+01   
-4.129860536243422e-03  
8.248824572530053e-02   
-7.749790524017822e-02  
-4.517293835494884e-01  
-5.571475467516099e-01  
-4.079183457871043e-01  
-3.908682801342218e+00  
-5.916381316734730e-02  
-1.691286534759993e-02  
6.155908936021937e+00   
-1.405971849660423e+02  
-5.300736671726227e+00  
-5.427916417925606e+00  
-5.488290567829846e-03  
-3.623202180678989e+01  
-4.890132270903921e+01  
4.369241887001681e-02   
-1.246946120398782e-01  
-2.148696800094630e-01  
1.433272768215789e+01   
3.780627964789902e+00   
1.269342502422988e-01   
6.710378458159590e-01   
2.143087482388812e+00   
-6.767875040227215e-03  
2.259733197650572e-03   
-1.267796363606839e-01  
1.992577629984051e-05   
1.502678491899575e-03   
2.390427293584637e-03   
7.197238557338123e-02   
3.385671638868368e-01   
-4.031563121741168e+00  
5.656673991082467e-02   
3.351870763128045e+01   
-6.282112484851964e-03  
2.297356445008966e+01   
1.843073357586130e-02   
-1.197122603840302e-02  
-4.189484400676342e+00  
-2.925434397012437e+00  
4.872274268289203e-03   
-1.725503603998812e+01  
3.799952294631515e-03   
-1.448373190845749e-01  
-2.715774412529737e-04  
9.545240294395464e-04   
-1.481624882157270e+00  
-6.741476432999159e+00  
5.066949964745149e-04   
1.979049123706925e+00   
-1.702439239132443e-02  
1.353522128521029e+01   
2.961198519019412e-03   
-1.144502183027223e-03  
3.866988202653208e-01   
9.274745014643286e-03   
1.802359854898840e-04   
-2.550454921815947e-04  
-1.528528690526032e-02  
3.626097238952545e+00   
-1.282962094383729e-02  
2.987220548752934e-02   
-3.301053416516344e+02  
-9.287820001225486e-02  
8.791361426461761e-02   
-3.161075006007234e+00  
1.594130113957246e+00   
-5.674347635244060e+00  
-8.434035970061592e-04  
1.072037526968399e-03   
5.222268033794372e+00   
-6.229990353529950e-02  
-2.860247655445932e+00  
-4.397194688168780e-03  
4.855537412693383e+00   
-1.997779634853743e-01  
-2.771115913311555e+00  
-3.694859647430885e-03  
-7.856068998548688e-02  
5.060819754765526e-03   
1.958390430771012e+01   
1.100983642966101e+02   
-4.596588477241666e+00  
-1.407652769804694e-02  
-1.822813963287368e+00  
8.881445450665086e-02   
7.861845070592687e-03   
2.346304041694484e-05   
4.303249495371107e-01   
1.189244516496727e+00   
2.595614247634819e-02   
8.930115067687105e+01   
-6.721842987985164e+01  
-1.270853800305576e+00  
7.406006292402211e+00   
-2.115948793466885e+01  
-3.183680899436765e+00  
1.350351970464668e+00   
1.316390075501869e-02   
3.596728519540347e-02   
-6.784511296153420e-03  
4.052342579817533e-01   
-1.836720662851986e+02  
-3.896161520818281e-03  
-3.078105099717059e-03  
-1.405211572041817e-04  
3.991080778513097e-05   
-9.487443892873200e-07  
-3.815817455034658e-03  
3.484492433220050e+00   
-7.286183069661981e-01  
1.304970804052711e+00   
1.521050846429882e-02   
-2.894351001836252e-03  
5.597451668525846e+00   
-6.819174369012635e-04  
2.395543850578471e-01   
-4.373120541031646e-02  
1.177016397083296e-01   
5.334903216786817e-01   
-2.156857745690768e+00  
-1.521611828136692e+00  
-2.840330943629815e-02  
-3.367769152425943e+01  
-3.616515547122959e-05  
8.846182803227529e-04   
-4.721326313614169e-02  
-3.498775534099668e-04  
1.000666026810652e-01   
-1.203230635694150e+00  
1.379407745082712e+02   
-3.020008673046672e-04  
-2.470570893379785e-02  
-2.294843169890028e+01  
6.245572742565870e-01   
-2.048753635261006e-03  
3.671342874781602e-02   
-9.352818340812695e-01  
1.811006828803811e+00   
1.236651038220954e-01   
-1.014557660733161e+00  
-4.444465052244964e-04  
2.352125749363454e+00   
-5.627209646543427e-05  
4.058450442704579e-01   
2.305536503400878e-03   
-9.856798278315597e-05  
1.898065516738373e-01   
-3.647532271972848e-02  
3.504231692703757e-03   
-3.937361818542263e-01  
-4.572295137883316e-03  
1.474724675298237e+02   
-1.116357384212719e+00  
-6.094582186757340e-01  
-3.040109589967516e-01  
-3.446880804376495e-04  
1.738138599094453e+01   
-2.348690434758460e-01  
2.992988701589288e-02   
-2.835928281689054e+02  
1.307049056814656e+00   
2.429353948100819e+00   
-6.514266105770967e-02  
9.888514800316000e-04   
-1.199858283237839e-03  
5.389178857086648e+01   
-1.178119307868522e-02  
-2.198837781670069e-01  
5.031202704827344e-04   
1.837665254992361e-01   
6.549147861399403e-04   
1.590990324242845e-02   
-2.722764873861029e-03  
-2.524378791001938e-02  
-1.188819475544321e-04  
2.189865957330383e+02   
1.373138873896685e+00   
1.838207507238929e-02   
4.574021884211715e-01   
-5.041995678444036e-04  
-1.019828060464305e-02  
-2.075494502268874e-04  
4.682615643504112e-04   
1.083359613975141e+02   
-1.981610319256476e-03  
-2.275335518822835e-02  
-4.144869819190732e-01  
1.939822383500341e-02   
-1.114722746205540e-04  
8.320626495421773e-02   
-1.380582344018442e-02  
-1.116773393444184e+02  
-2.073353344473640e-04  
1.001955714627191e+01   
3.738174654860030e-02   
-9.807723885777145e-04  
2.179952611423512e-05   
2.636336235420176e-02   
-9.434484722848326e-03  
-5.621618127786717e-01  
-1.926720125750441e+00  
-9.907078096870639e+01  
-5.513166612793044e+00  
2.085421173322484e-03   
-1.888983152847911e-01  
6.742755412519223e-02   
-1.602959883548698e-04  
-1.516719576126523e-02  
-4.769591412683256e-04  
-1.019020006768831e-05  
8.217320054943206e-02   
2.032946855583436e-04   
1.665439892347037e-02   
4.649776626633954e-02   
-7.449514393681606e-03  
6.883607819676842e-03   
-5.270667732349650e-03  
1.214115699265974e-02   
-4.007833063274345e-03  
2.827721082216789e-03   
-1.081132231703198e+02  
-3.991603261907170e+00  
-1.110801260692187e-05  
2.054628693167435e-03   
-9.586834686900097e-03  
1.623330308809414e-05   
-3.797246474533762e+01  
7.144765101806705e-03   
4.548023961567118e+00   
-9.458321750032301e-04  
2.273452368192842e-03   
-4.939895471312752e-03  
-2.323281498345978e-01  
2.118504407191932e+01   
-3.124295343172274e-03  
8.297299785896196e-01   
8.946824297295307e-01   
5.121737721448770e+01   
8.509493128200828e-02   
2.794828534391583e+01   
9.596130168469639e-03   
-2.824871111973345e+01  
4.685900027803879e-01   
6.649878119901890e-03   
-8.638551281637711e-03  
1.552282915514665e+01   
1.667582404735112e-02   
-9.083414631542224e-03  
3.616038502420682e-02   
1.779155044391660e-02   
-8.970757330215981e-02  
1.230202105959778e-01   
1.263210688866488e+00   
1.890077379000727e+00   
1.402490214036714e+00   
6.988984050217069e-02   
-3.315147712318304e+00  
-6.982401208773597e-03  
2.034221000409824e+01   
2.441528095772284e-03   
1.032814047674067e+00   
-1.300861421395431e+00  
-1.727340725298083e+00  
-5.614186123969809e-02  
-3.357022316229681e-03  
1.350292377667508e-02   
-6.410253344930917e-03  
2.323614132350440e-02   
2.932976825916905e-04   
-4.591195436394074e-01  
-5.833969935010000e-03  
-1.052762536381823e+02  
-3.774168698366165e-03  
7.197196413041982e-03   
1.117075229939885e+00   
-1.032573763218823e-02  
-6.106597977474665e-02  
2.459463358042817e+01   
-3.500972092904329e-03  
1.265387384169210e-03   
-1.420728339644560e-03  
3.884287993011404e-02   
-2.459801729226424e+00  
1.214521837849223e-05   
-4.470992151765582e-01  
-2.552653277992578e-07  
1.451035922233657e-02   
4.366141275378626e-02   
-2.220215872835994e-02  
1.118739333045175e+01   
1.936553458159305e-02   
-8.413333705647826e+00  
4.217600510132901e-05   
7.139053236996494e-03   
8.662922984964794e-02   
-1.533511458548110e-04  
-2.796199236909062e+01  
4.986139602066235e+01   
-1.960574054250042e-03  
-3.248882391735108e+01  
5.016744130505004e-03   
3.333274411267765e+00   
1.149141078700451e+00   
6.673857481471054e-02   
-4.371461521306837e+01  
1.399290746264915e-02   
1.887927902812563e-03   
3.383631337692253e+00   
4.536315226185983e-03   
1.372787446156938e-04   
-1.198759127470534e-04  
-1.278549335156837e-02  
7.838998376848663e-03   
7.835216062290882e-01   
-1.901105929297911e+00  
-3.305925726183154e-02  
3.983944918511365e-06   
-8.834719346092757e+01  
1.427054340250830e-03   
-1.715204807144963e+00  
8.867104530348103e-03   
-3.040860554186331e-01  
2.710260352521785e-02   
-6.137195854840872e+01  
7.924068949107431e-03   
-5.918128099762335e-05  
1.408004906434527e-03   
2.331669854481142e+01   
7.457342378388254e-03   
-5.109342858704117e-01  
1.763778700561450e-02   
1.592834779421625e-02   
3.333200252111029e-03   
-1.073796269103746e-01  
-9.084450977414350e-03  
2.202311012669044e-01   
-5.073181109003621e-03  
2.250364368001153e-02   
4.447035101709326e+01   
4.356498389932788e+00   
-3.219882370107137e+01  
7.480180582544311e+00   
2.236494292356799e-04   
3.514090692387702e-02   
2.345067117937932e+02   
4.183057366867345e+01   
-1.044475549466733e-02  
-1.722230619397987e+00  
7.687880135083416e-01   
1.522803806312117e-03   
5.685549770234430e-02   
-6.131348530995837e-04  
-3.161143117130612e+00  
6.430432689899605e-02   
9.494705434542705e-03   
1.801332953531901e+01   
2.653344117060250e-02   
3.463376371478561e-01   
5.058211059413673e+00   
4.757741619082704e+00   
3.130517719091944e-01   
-7.105161933545916e+00  
-1.248563822220559e-03  
1.362732640974070e-02   
-1.387634598503934e-03  
-2.725792980684833e-03  
-4.502396816104181e+00  
-3.003561625275767e+01  
9.892392330081715e-03   
5.194684919767723e-03   
2.271097647988737e-03   
-9.855944434088894e-02  
7.517894769780934e-01   
-6.347486511935359e+01  
-6.261293017412801e-03  
-1.547088451294169e+00  
-1.069581815101153e+00  
1.436775654837633e-02   
-3.529725498434044e-02  
8.442340835893841e-01   
-1.405487499196528e-03  
1.106860332817513e-01   
-5.476831318220471e-03  
-4.282371079837202e-03  
-2.231682511713781e-06  
-1.205495402927515e-02  
3.530930088827725e+00   
-1.402734319452454e-02  
4.146634467301072e+00   
8.126031290676629e-03   
3.305861828626580e-02   
2.643534163310292e+02   
-2.234334026719981e+00  
-1.348202798393094e-01  
2.947936497668479e-03   
-4.868445322061281e+00  
-6.463686563193749e-07  
4.119223798247809e+01   
-3.328872896894209e-03  
-4.612586572221020e-03  
7.713815733652419e-03   
1.465197283339614e-02   
1.253581886333274e-03   
4.384099067658340e-01   
1.653582734490029e-01   
1.279827659569500e+00   
-5.629453026746961e-05  
-4.665533657093059e-02  
1.565319134927320e+01   
-1.810370391795443e+00  
1.210290467921865e-02   
-2.745040368991570e-01  
2.856304042447255e-02   
2.828198617308993e-02   
5.195151459095731e+01   
9.041192900066654e-02   
-6.648576955824430e-02  
8.084583933005371e-01   
-2.255845559572822e-03  
6.719580449548286e-03   
-4.520691007630372e-02  
8.207890066289709e-03   
-5.985170776048866e-03  
4.023279523213295e+01   
2.834602223358150e-03   
-1.260603032318295e+01  
-1.344153361233045e-04  
-7.171554918251602e-03  
-8.760479520817629e-02  
-4.465716608434988e-03  
-3.516658664869267e-03  
-3.669998455250763e-01  
4.063142843587914e-02   
1.246146454976815e-03   
-1.701643187955363e-02  
-7.926366602303935e+01  
-1.535273301036386e-02  
-1.605284204255573e+02  
-7.373373113610913e-01  
2.244639954936168e-03   
-9.762058211219396e-04  
-3.477457210963698e-02  
7.890023889691720e-07   
-4.009963519238299e+00  
4.036482238589105e-03   
2.087964303756067e-02   
-5.536592005259955e-04  
-3.899895243124379e+01  
1.665353224351276e+00   
-2.024368458052911e-02  
1.626228332937664e-02   
-1.411352787613147e+02  
9.129245893438393e+01   
2.126791350584602e-03   
2.471211126170058e+01   
2.072913419671663e-01   
1.427270217166977e-02   
-1.390036208786910e-02  
2.793660990833486e+00   
4.017071975106785e+01   
7.437235332636270e-02   
6.674915749562478e+00   
-3.327448423202495e+01  
1.578198106690373e-03   
-1.703034438725904e-03  
3.736170898344287e+01   
-1.765812833233538e-02  
-1.415694429669266e-02  
3.727883428383374e-02   
-1.785326533909416e+01  
-4.262405532484105e-03  
-4.678432706046866e-04  
5.661702184169433e-03   
-1.511217463449178e-02  
7.232767384342969e+00   
-1.552387154660368e-02  
-2.665812103509271e-01  
1.101603655676212e+00   
7.279797580253292e-03   
6.196415164524788e-01   
1.283993948565526e-03   
9.476749079714039e-03   
-1.293223867755182e+00  
-8.018559361811457e-03  
-2.060784424270591e-02  
5.528653029616758e-03   
-9.773806487247071e-04  
-1.460478982911315e+02  
-6.722779216175818e-04  
1.019003939736822e+02   
1.695635846777303e-02   
-2.583266552285008e-02  
-1.710292934129852e-03  
3.581759046676418e+00   
4.442065532055747e+00   
-5.956376366286893e-01  
-1.485698251656807e-03  
-1.652569484493361e-01  
-5.323240370332357e-01  
7.735700837835886e-04   
-8.238330535423898e-01  
1.430090347689997e-03   
-2.696748534840598e-01  
1.764720501853897e-03   
6.210802011570730e-02   
-1.761246119225375e+00  
-2.357689673886306e-02  
1.216429206105877e+00   
2.035359808605149e-01   
5.085951112388517e-01   
-7.617924819598748e+00  
-1.027395180790622e+00  
-7.790628761992811e+01  
-6.772478769394700e-03  
-1.376855730598539e+01  
1.343318111752721e-02   
-5.983085891871360e-03  
-7.217513061906516e+01  
-1.198514318888499e+00  
2.952308178135183e+01   
-1.520915751998770e-03  
-2.385425139386667e+01  
5.990860092666073e-03   
1.060374487786783e-02   
-1.340936071401939e+00  
-2.695459383604985e-02  
-6.351432578904689e-05  
-5.115294017570154e-02  
1.366062451879318e-01   
-8.738435997091221e-01  
-2.870976053824264e+00  
4.044672251247825e-02   
3.017097663822026e-02   
3.005820129682327e+01   
-1.329874571934750e-03  
-4.072218856395054e+01  
-5.770502872475751e-01  
-5.410864765868900e-01  
-2.187527162289308e-05  
-8.280161952787425e+01  
2.132344247682812e-02   
-3.451395733739542e-02  
-3.427749845990237e-05  
7.328949053159035e+01   
1.346179512325753e-01   
9.090774668194948e-04   
1.395430419370473e-05   
4.848092776479180e-03   
-6.613811680567869e-04  
-1.186660129012491e-03  
-6.586982063609549e-03  
3.767341915160133e-01   
4.119010014242558e+00   
1.463809325526455e-03   
-3.380693072315055e+01  
4.232841419234577e-04   
-2.335589014770280e-04  
-1.114300710510367e-02  
-2.827888830858000e+00  
-4.836035163217007e+00  
2.090583434634261e-02   
2.017188164541281e-03   
9.122628201955000e+01   
-3.962813384882472e-05  
-2.037509928832382e-02  
3.054901023091492e-01   
-8.337752617737084e-01  
2.696230108311267e-03   
8.560000315918148e-01   
-2.632502209314405e-02  
-9.402575969918274e-03  
1.411552792564414e+02   
4.435118487332959e-04   
1.224267289928286e+00   
-2.571367764669980e+00  
6.150233967408626e-04   
5.066532254802751e-03   
6.357037599659428e-04   
5.380092409824162e-02   
-6.598737910412427e+00  
-2.003940296295671e+00  
8.147750798420525e-03   
-1.064704681823472e+00  
2.139064978003677e-02   
2.901351537611902e-06   
-2.687972393875028e-03  
2.596915608418115e+01   
2.222875061726039e-01   
-9.783922191815438e-04  
-4.771364434795434e-02  
-1.011471549105339e-01  
3.660600579667178e-03   
-1.876917880863392e+00  
-5.438088187918129e+00  
4.117816535363617e+00   
2.354375503137630e-03   
-8.902502855126292e+00  
3.702742060962402e-04   
-5.129806145765369e-01  
-2.555823395504221e+00  
-3.946896809825706e+01  
-1.238661285608879e+02  
1.004276139720214e+02   
1.381286019421921e-10   
1.726895733307638e-03   
1.933451191994258e+00   
-3.886935567381988e-01  
6.079018080556104e-01   
-6.270563611839265e+01  
1.000118769539551e+00   
-1.460146494969572e-03  
1.073447187278890e-02   
-8.119655314335592e-01  
-2.509672163147690e+01  
-8.258440604604974e-01  
-1.793442859499469e+01  
-8.101638707978006e-03  
-2.510219407925449e-03  
1.059447729301969e+02   
-2.513218612326905e-02  
-1.453695511730156e+00  
4.898779409610087e-02   
-3.665519041627149e-02  
3.007455345758970e-02   
9.881656216270520e-01   
-8.363630522944617e-05  
1.900802572412731e+02   
2.499402353706619e+01   
1.253637753347082e+00   
-1.769324824258275e-01  
-2.462963008236901e-03  
7.345235212088880e-04   
-1.217230036427755e-01  
6.856109052264968e-01   
3.298515014903101e-01   
5.377479522439016e-05   
1.091497196109719e-03   
-9.989799141772366e-04  
1.117790896965708e-04   
5.902850335659030e-01   
3.155969921291523e-01   
2.160726833119407e+02   
-3.216711090134036e+00  
1.888917662658056e+00   
4.256139463327718e-02   
-7.912722449904116e+01  
-4.265550706585406e+02  
1.019678873589886e+00   
2.610990068142911e-02   
1.097113809366408e-03   
-3.868014002268906e-02  
5.735476490609338e-01   
1.707042828287420e-03   
-2.732820613009290e-01  
2.222719306486710e-04   
-7.229686400984252e+01  
-2.570688138036992e+02  
8.814424245149728e-04   
-3.127173909281589e-05  
-4.209409242357430e-01  
1.463427774068684e-04   
-1.797020127356830e-03  
2.238473483564379e+00   
-1.334132448094248e-03  
-3.796150931260663e-05  
4.111128514563050e-02   
-8.980561431098005e-01  
3.839770050275502e-01   
-4.317395765840026e-02  
2.595542812356871e-01   
-2.140360518492648e-02  
3.358527208840569e-03   
1.814442619056233e-01   
-9.632193834950109e-01  
4.234115743849908e-03   
-2.418397027621125e-06  
-4.311766744612354e-02  
-4.486625150188816e-01  
-3.051909063174494e-02  
2.326213160533867e-02   
4.672895492289083e-02   
1.529428561345234e-05   
-2.511180188192638e+00  
-4.069695044839379e-06  
2.690803606531748e-02   
-9.145732762593942e+00  
-2.619691051345229e-03  
-3.199104586030546e-03  
-4.162158544123145e-03  
1.476683820401269e-04   
2.530955788716780e+00   
-4.609427802423786e-04  
8.112991651590482e-04   
-2.910958628178758e-02  
-1.180581477175956e+01  
-1.956155915257099e+01  
-5.874947560221985e-02  
1.325179337011376e+01   
6.150520562133540e-01   
8.733663931538341e-01   
1.877077853635209e-01   
1.308011819423599e-02   
-1.521514945797567e-01  
-2.894324263847678e-03  
2.508115546718909e-03   
-7.850268011521314e-03  
-5.784889756572375e+01  
-1.703679262988633e-01  
-1.157095417187721e-03  
9.987590157641193e-05   
-1.122302385955514e+01  
-3.453210939142543e-01  
-5.323769655547144e+01  
1.091603881241409e-01   
-3.430578247277936e-02  
3.119670858728834e+00   
3.693629416485957e+01   
-6.541666464744926e-03  
-4.173928917844446e+01  
-8.632164996244226e-01  
-3.287714182769542e+00  
-1.866022901686334e-03  
1.367185168953170e-02   
6.953740719855425e+01   
1.847394111760789e-02   
-9.387164237051602e-01  
-7.189326795039672e-04  
9.534669845923837e+00   
-1.191967628838983e+02  
4.240682094238594e+01   
1.006005177747727e-02   
1.125974434955227e-02   
1.259747531471497e+00   
2.279138823349834e-03   
-3.048156373824458e-03  
-2.045334435894519e+00  
6.846708646887099e+00   
-7.086851924051932e+00  
-6.787935614392540e-03  
3.605009178647782e-02   
-8.005800877481677e+01  
2.464792942025164e+01   
4.536760998241119e-05   
-1.019789529578569e+01  
-2.417296716319680e+00  
4.020183202776426e-03   
1.686340260106376e-02   
-1.747483982431980e+01  
1.766940919947005e+01   
1.142870218201151e-02   
7.979249840899248e-04   
7.768002381797259e-02   
2.099368546800063e-01   
-6.741838955594329e-03  
-3.520256326689756e+01  
1.490172527783499e+02   
2.531119112187166e+00   
1.772722683897753e+00   
-2.903794512760186e+00  
3.964208007263955e+00   
-1.446616276695423e-02  
9.293826561173778e+01   
-2.297710530318135e-03  
-1.645416350084847e-01  
3.625703526915325e+01   
1.564842206739559e-02   
5.514636877011404e+01   
-2.405705072628221e+01  
9.989089449021849e-03   
3.617383336348600e-01   
8.522610599677687e-04   
-8.720563510010113e-02  
-2.449088163018430e+01  
-6.873424889619628e-05  
8.454864444677217e-01   
-3.224726746621823e-02  
-1.726680648841865e-02  
-2.918880232384657e+00  
7.937155019232166e-01   
-5.535075645562301e-02  
2.258617338230215e+00   
-9.065848365555141e-01  
1.769350782477831e+01   
1.468339717640919e+00   
-1.850545621271976e+00  
5.874622826815687e-03   
-1.774214218138134e+01  
-3.738406550446499e+01  
-1.396885594572972e-02  
9.742965911484099e-05   
4.522676884939741e+00   
1.974011504965252e-02   
-1.191806156707914e+01  
9.544349613455969e-04   
9.527601513835397e-02   
4.683268439046714e-01   
-2.489241657006101e-06  
-7.582056062082022e-03  
4.530516352384750e+00   
6.018258935708164e+00   
3.285421905416693e+01   
-8.076480881104377e-03  
2.242817214567177e+02   
-3.511835266219763e-02  
1.486573080081678e-02   
-3.420376705587391e+00  
5.600284724444463e-03   
4.172511713466717e-02   
-2.739599825002481e+00  
-1.047625244129280e+02  
-1.165190652812669e+02  
-4.765276115613822e-02  
1.890987531644463e+00   
-9.506374785902429e-02  
4.162709484590613e+00   
2.694941560891455e-04   
8.605155214555908e-01   
3.009415155095500e-01   
5.019447500850566e+01