-2.386924369963469e+02   
-3.935411838842848e+01
-3.632179445176525e+01
-1.068350006527200e+02
-2.680331719845273e+02
2.370518722537000e+01
1.182323073117387e+02
-3.647186205024840e+01
-1.257664314204781e+02
1.575929775685290e+01
4.851880558483689e+01
1.118708772617434e+02
7.054238412814203e+01
-6.231384259925116e+00
-3.263980866655315e+01
-4.582500546085856e+01
-2.648301210818807e+01
1.581832740970226e+02
8.847713385066180e+01
-1.272261396794405e+02
5.251283422925252e+01
-1.281326694447067e+02
-2.863482312387259e+02
2.007468321789375e+02
-4.269905897445639e-01
-3.119976895659957e+00
-4.388462278666753e-01
8.397617109605214e+01
9.155534342517904e-01
9.009781115206382e+00
1.636377637309879e+01
1.824886596962393e+01
-1.435211649710465e+00
5.613568821923049e+00
-1.366309962728046e+00
-3.315661328187793e+00
5.821947574219440e+01
7.242552825412052e-01
-1.670283992610096e+02
2.806495678439991e+02
-5.409432010938516e+00
4.526364044071590e+01
-5.776183806627431e+00
-1.842817681577614e-01
1.358850571155706e+02
7.923550241368473e+00
-2.594617504627942e+00
-1.282725862549089e+02
-4.399526331296554e+01
-4.918294803026616e+01
-2.861621558065952e-02
-2.322585315774868e-01
-4.447036727317457e+01
4.186387138590739e+00
-3.091693903361036e+01
-1.846296279348610e+01
-2.351533821483239e+01
7.871039357215415e+01
-4.503719817404998e+01
-1.010602024053582e+00
4.082888480313029e-01
-2.762465875539333e+01
5.803679239197685e+00
1.010336196380149e+02
1.716802419195627e+02
-8.187798456474290e+00
-3.561149986599713e+01
-1.767729088442974e+00
-6.434682830507276e+01
-8.151955135980678e+01
-4.075537426047299e+00
-3.030923234147548e+00
2.051667622536032e+01
-3.065632341089470e+00
-2.663776962250721e+01
2.679070005242127e+00
6.513114614500876e+01
1.159952997067990e+01
-5.916001429083802e+01
-1.247336422832910e+00
3.883888904050141e+00
-9.965312399468340e-01
8.838701531740179e+00
1.576820634488724e+00
-1.229267274317435e+01
8.894788263051032e+01
-4.712494527146436e-01
-1.086878328160912e+01
1.051549106123837e+00
2.314573876171959e+02
-2.309158071761534e+01
9.821651367466109e-01
-9.223884761887508e+00
5.449097036439473e+00
-2.555373090163156e+01
-3.297756038684090e-01
-2.013297769766412e+01
4.114233893954204e+00
5.488448766514578e+01
1.306385083357717e+02
-1.507253914651919e+02
-7.844895621142125e+00
3.890081513969287e+01
-2.322900909537403e+00
-6.219537149770532e+01
-1.444542126990020e+01
5.392317550550871e+01
4.134542880042625e+00
8.849531612525404e+01
-2.896418615143990e-02
7.486873792670373e+00
8.099374591941729e-01
2.677513540162317e+01
-1.237936024581122e+02
4.099629598023509e+01
-1.188882448910266e+02
-6.899993422805351e+00
3.547337883101403e+01
1.024354529439140e+02
1.286204783483836e+01
-6.253607275941746e+00
-4.167842417025781e+01
2.882950788181408e+00
-2.238527029160542e+02
-4.869409437122678e+00
-2.912847813126501e+02
8.749710606937157e+00
4.327311817033658e+01
-9.339786705512182e+00
2.161503660706364e+00
-9.190107349119036e+01
4.016759376534504e+01
1.614114213319146e+02
-6.805009135480556e+01
1.690498433555554e+00
-1.102951446668647e+00
-2.075074804910003e+00
9.879427844837816e-03
2.199197470635155e+00
-4.530870491903998e-02
1.171242224429598e+00
-1.045497059996204e-01
-1.109382718944348e+00
-1.050016428917549e+00
3.364036194052705e+00
-1.168722501879790e-01
2.111423978094369e+00
-9.773409452136696e-02
-1.387478624393305e+00
2.470388553842823e+00
-3.445133344351756e+01
-4.205547517962704e-02
2.708437723419171e+01
-1.284543212810426e+01
-1.223011279954974e-01
8.815920596235756e-01
2.522974550754423e-01
-1.571856088321029e+00
8.691070613594193e-01
-2.032315569071532e+01
-2.959422851265615e-03
1.136355141818592e-02
1.375353845449970e+00
-1.350158680448539e-02
1.472043309399152e+00
-2.096650431769195e+01
5.930317805183227e+00
-2.065421607170092e+00
-2.681761879644088e-01
-4.612959015692624e-02
1.337773601089061e-01
2.474385619228433e-01
2.170603554420873e-02
-5.602795985115511e+00
2.023035652275519e+01
-5.328024459438577e-02
-3.890526894555439e-01
6.750733718253176e-01
5.632736871533452e-01
-1.387094071172618e+00
2.893118637011118e+00
8.524769271341600e-01
3.233691894346927e-01
9.050195057218952e+00
-3.466827020240663e+00
1.392190216533029e+01
-3.421663245532549e-01
8.167686414032953e-01
-1.223332202128216e+00
-2.204236784019968e+01
-7.469393027657945e-02
-1.369310191277745e+01
-2.469622091880223e-01
3.459905258790719e-01
-5.992093632922055e-01
-2.154458363024036e-02
9.668989990243044e-01
1.198030386753806e+00
-7.205256102618048e+00
2.393689988154385e-01
-7.615361355445002e-01
1.101062710269433e+01
1.168986328716212e+01
7.400875106773538e-02
3.040771368346600e-01
7.911730889289321e+00
-1.097982290365074e+00
-8.863473097489251e-01
5.246210770522265e-01
-1.149882488968968e-01
-9.680764747227937e-02
-1.412326089534069e-01
-2.949222717227057e-01
4.683095974560253e+01
-1.852716191605166e-02
1.051667793252718e+00
7.923007321500637e-02
1.848519905709889e+00
-4.359383441275480e+00
-5.814431922965376e-01
8.905141840752678e-01
5.634794674414835e+00
-2.741400535718666e-02
6.488443567125025e+00
-3.493014612883019e-02
1.442859320432948e+01
-2.052162569058620e+00
-3.201100502152234e+00
-2.088421404590316e+01
1.507502901814889e-02
-1.390236649157243e+01
-1.787443502718705e+01
1.648551446754438e+00
1.699132262863557e-02
3.926746716938076e-01
7.839238080754407e+00
1.177118152945177e+00
1.192609766393732e-01
7.591786728846776e+00
4.514349043871897e-02
1.140057394695590e-03
2.017192461987120e-01
5.971061498994976e-02
-1.671336655541604e+00
4.531891491861084e-04
-3.981653704818593e-01
-6.401538725374124e-01
1.269310292715326e+00
-1.243905052247406e-01
-1.576753913203980e+01
-1.046055192813787e-01
3.427888799951770e+00
-7.372453532263692e-02
5.748457971078529e-01
6.166769450740524e-01
3.207392688106721e-02
-8.399436129424290e+00
1.314531372011314e+00
3.528994591480749e+00
5.548588016835260e-01
3.603172850151732e-01
8.311147034336749e-01
2.858466406566916e-01
1.511633764392788e+00
-5.985826679658974e+00
-2.704657178502887e+00
-9.265328030777408e-01
-6.884598029820322e+00
-9.241718516260762e-02
7.258447733686785e+00
3.602295965788569e-02
2.173426670376185e+01
1.160145941837631e+00
-1.409110721496515e-03
-9.027821180869452e+00
1.289907056179296e-01
-8.056140352956977e-02
1.553866285519020e+00
3.667395884281349e+00
8.472981272453223e+00
-1.053942868385396e+01
-1.149718408914772e-02
-1.631595081145233e-01
-6.910725008552439e-01
-1.007601521357442e+01
6.396602386608918e-02
8.777339554487946e-01
8.200913365410031e+00
-9.249276533712464e-03
1.707949322240186e+00
-2.024623885038523e+00
-7.792670144282182e-03
-1.354513819323608e+00
-2.488199964053665e+01
-3.448214129431414e+00
1.926493203530987e+01
4.191844795037871e-03
2.628690536499313e-02
3.602221941517322e+00
4.152189901288316e-05
-2.726961285865799e-01
-3.916087422923548e+00
-9.876173079240143e-02
-1.381291683548975e-01
5.076715291010916e+00
3.099950131413608e-02
4.875858487421129e-01
5.448985614154742e-01
1.369561301137355e+00
-1.552616635745555e+01
-1.293596493484417e-01
-2.696830029420133e+00
1.126957241669545e+01
-1.760697104821548e+01
-4.690734744699057e+00
4.181044939387748e-01
8.595522649835108e-01
9.613751445692011e-02
-8.204629981869900e-01
-6.992006454769655e-01
-5.819350824599425e-01
-1.547755913962577e+01
-1.358524031286232e+01
6.647589630663103e+00
-3.050034059136546e-01
-5.220628383160876e-01
-1.815205012451315e+00
-2.916718214771781e-01
-8.547466510316870e+00
-8.792030636175916e-01
-1.689676460278521e+01
6.175437881969820e-01
4.430438779550799e-01
-3.666495414607795e-01
8.174371249756804e-01
-3.549539154298179e+00
5.453600272563326e-01
-2.102224699879101e+00
-1.402912613009911e-01
7.053079024045536e-02
-7.191472544997530e+00
-2.175062386502071e+00
-4.112014361248394e+00
1.897984674612441e+01
-2.233518401204654e+01
-6.951685754894162e+00
3.345525554504168e-04
-1.456096936717055e+00
5.462396714700924e-01
-5.898974840972388e-02
-4.114231974506458e-01
-4.723069959934912e-01
-8.707395913921742e-02
5.576868542332758e+00
2.789276966727029e-01
-1.762382090242338e-01
6.038959841519019e-01
1.876364844892655e-01
-1.676268866449341e+00
1.508847573731755e-02
4.662513656679444e+00
5.440179276809589e-01
1.361378561027799e+00
-3.488032513118536e+00
-8.794296062426391e-03
-1.824506557168785e-01
-2.426893032053074e+01
6.093261409818275e-04
-7.470627354480003e-01
4.139858763568813e+00
-2.498485200490186e+01
7.695170730424593e-02
-1.105078771174089e-03
5.519619087812962e+00
-7.716362143663641e-01
-3.314149222653484e-01
5.145446408070667e+00
4.070323484402642e-02
-3.689098764611037e-02
2.303824056689446e+00
9.317774181922496e-01
1.472103295450202e+00
3.014932994488348e+00
-2.064585380010681e-01
-3.835952101621926e+00
2.756167488447782e-01
-1.195986656745577e+00
1.407535200841858e-02
2.459234720269776e-01
-9.114454908775431e-04
1.737912674833949e+00
1.621481712092711e-03
3.942160211906151e+01
-8.232540407531094e-02
1.606544348867428e+00
2.266526287350286e+01
2.048496120799448e-01
7.239470447213525e-01
3.964054203988964e-01
8.701680017141314e+00
1.360529724437184e+01
2.234881315173415e-01
3.318871257306943e+00
-3.499361166211697e-02
-1.164628857405056e+00
2.198292111476326e+01
-1.032765712876002e+01
1.318348624654544e+00
3.773120717698328e+00
1.059960055224796e-01
-9.306703163392035e+00
1.734057853697623e+01
7.702347284893631e-01
2.131989019809462e-01
8.423670482817667e-01
1.616048910086785e+00
-1.623665570158776e+00
4.944508490823367e+00
3.141392381942401e-02
-5.913494754335281e-02
-1.306336835057465e+00
9.301247621594028e-01
-1.216015995252528e-01
1.210124558895803e+01
1.325191558900959e-01
-1.522018339419547e+01
-1.775263757014587e+00
-1.970970423401547e+01
-2.724524139226467e-01
1.045233287813760e+00
2.901515785440924e-01
-1.281274811248750e+00
1.884049579823471e-03
7.322456705817963e+00
8.963903944557567e+00
2.899773702823560e+01
-3.071427266237097e-01
2.109454014184177e-03
-2.344485531090686e+01
-3.968788687150058e+00
2.321383086279564e+01
1.516532480400534e+01
-1.503797036301838e+01
1.045487752375792e+00
-8.695054903870426e+00
-2.915135255744111e-01
-5.092465880422602e+00
2.891750746994451e+01
-5.185142911730004e-01
-9.598568019197509e-01
1.162080593573972e+00
6.362729815298225e-03
3.965273492109513e-01
2.049035512552710e+01
-6.870568038593283e-01
5.540824311473157e-03
-2.794402240084847e+00
-6.977676194229808e-01
4.281873747486367e+01
1.891953585750289e-02
-7.489108521951610e-02
-1.677683969583453e+01
-7.957803040011773e-01
-2.232405439155255e-01
1.127810239660085e-02
4.794881021427048e-02
-1.403509123361184e-01
3.943052411842122e+00
-1.733857122685648e+01
1.002149199288332e+01
2.042689779485904e+01
9.036897721515057e+00
-5.675754838093112e-01
-9.147996884788695e+00
-9.150353132181895e+00
-5.827284016818348e-01
-1.297693262967362e+01
-1.411814437558191e-01
-3.803974932182784e-01
-4.376396859305101e+00
1.673483076214080e-01
-4.205329549658607e+00
-4.017875898390758e-02
1.280087216432851e+01
3.310709684916814e+00
1.695544228195545e-02
-1.244379871620936e+00
-8.264839683897847e-01
1.708344884499864e+01
2.125362548426830e+00
1.685615118915874e-01
-2.052633305279791e+00
-9.879551313065853e-01
5.525390247613633e-02
4.490523352166131e+00
5.862024769493838e-01
-2.842479277146817e-01
2.764658283899845e-01
2.152717882192867e-01
1.114955434937803e-01
3.337601690719762e-02
7.603155023814621e-01
-5.079866166661581e-03
-1.013727193530557e-02
2.279271027405477e-01
9.409902953070633e+00
-3.087779673875783e-01
2.140456662018877e+01
-2.146582011145674e-02
8.132381453011023e+00
1.817649457260577e-01
1.914442602230924e-02
1.875275039043541e+00
-5.697272874252549e+00
-3.777372375949380e+00
7.756312840533314e-01
5.407752339439415e-03
9.293232530871984e-04
-1.796296531373352e+00
1.662140900847222e+01
-7.912895849259765e+00
-7.693002805842180e-01
-1.307093130924348e+01
8.510324664932698e+00
7.981470202794987e+00
3.217630298289962e-01
3.672880168276631e+00
-5.599802316056900e+00
1.926575042863297e+01
-3.834169470249103e-02
-3.125591324252352e-01
-9.178268453381310e+00
-1.052794519805958e+01
3.904805101798819e+01
-4.319568989224746e+00
2.650838018494024e+01
-3.270670572686713e-01
1.882970724197649e+00
2.889308665677508e+00
3.846699456129354e-03
6.645758883885988e-03
-2.993239727132507e+01
2.157098507703554e-02
7.042909249198710e-02
-4.622605984619491e-01
-9.680315137377675e-01
3.984217123368802e+00
1.343889562237069e+01
-1.441576362188027e+00
-1.741162517179358e-01
-3.277339258984062e+00
-1.392327896228777e+00
1.163607027705138e+00
-2.490787936570706e+00
-2.302387942080074e-01
-3.962451352013652e-02
-1.639090372841039e+01
-4.060130819251281e+00
1.323391903315342e+01
-4.793191498482649e-01
-2.307936557170327e+01
6.477373676942996e-02
4.308200345301703e-01
-4.740146166083371e-02
3.463938006506535e-02
2.785481940928888e-01
2.733613511655903e-02
-1.679942807589806e-02
-3.833850182185266e+00
1.923526972133677e+01
1.087859792500742e+01
-7.937456222606966e-01
1.921350614139714e+00
-1.814447634089545e+00
9.466266169173053e+00
9.516015027367350e-01
-2.054464219520458e-03
2.906210279464161e+00
-4.951417367923157e-01
2.315715469915386e-01
-3.042372827522614e-02
-5.367730861890477e-01
-4.270020598706877e-01
-7.325665600334469e+00
3.032983890761499e-02
-1.895968826291576e-02
9.401358520168705e+00
5.370768428206687e-01
-1.624027536557097e+01
-1.637596279021982e+00
-2.366805498099192e+00
-1.115158876062574e+01
-1.479317751304684e+01
1.345818242787464e-01
2.536681232579055e-02
-2.757490488281522e+00
3.084382572765704e+00
2.446125654071162e-01
-8.633647683472670e-02
-1.045654527799382e-01
7.402396957734328e-02
-8.373342510608679e-02
3.428254287082824e-01
1.692493651596524e-01
-7.851217275660734e-02
-5.682754883460874e-01
2.826355077653991e-02
-3.055685825394127e-02
-1.390061407632068e-03
9.859391162111450e-03
8.770207608804566e-03
-7.277649391217705e-02
3.548073409169014e-04
-1.938894169039412e-04
4.081678414300929e-01
1.106474471755256e-01
3.147333946768854e-02
-1.804715175317874e-02
4.371961398308408e-01
3.131093837576189e-02
-3.039896848907484e-04
2.542460126117552e-04
5.962475270747124e-02
1.826914193033045e-03
-1.114425685803926e-01
4.501056993874153e-01
6.229528861307694e-02
8.093602599709147e-03
1.394119397989958e-01
1.288817458021672e-04
1.110661717808641e-01
1.095965948358704e-01
1.084170912031042e+00
-2.418974794197050e-01
1.804868484616782e-02
-7.220080419331235e-05
6.507920475852073e-03
-1.105317896544067e-02
-2.405666772345626e-02
-1.592190731174074e-01
4.156117500156506e-03
-3.893019241716964e-02
5.956692756192711e-02
1.310662293961937e-01
4.421036822833884e-01
-1.677961568407817e-02
1.010318421889479e-03
1.774000468533835e-03
-3.178454852712109e-03
-9.131824488779786e-02
3.904692626192591e-02
1.325597128380322e+00
1.514955600378440e-01
-4.496323478986233e-01
1.937118570254308e+00
-5.785305194320937e-02
8.022831456044077e-02
4.761674424479807e-01
5.567900739597778e-01
8.673784415720786e-03
1.056808366114384e-01
3.849291699836591e-02
-1.655470764610040e-01
-2.745588368118135e-04
1.852252642949121e-01
4.812425843427860e-02
-1.973689456122032e-01
-5.608380962852497e-02
-1.226113098245551e-01
1.936716916921705e-02
-1.188270804249125e-02
1.879389385755115e-01
1.039313941119343e-02
-6.040725996340947e-02
-2.083363314787893e-04
3.514255137272645e-02
8.353166395844495e-02
-1.873927211028010e-01
-9.067297509894493e-03
4.289992021214199e-03
-2.053771287010117e-02
3.839699001626754e-04
4.633591484692829e-03
5.500956611520649e-02
-2.455579458342959e-02
-4.097324669219355e-02
2.327844874436174e-02
7.367696095719999e-02
-5.550075720649126e-02
1.054132966982863e+00
9.403505942358531e-02
-9.183764633750631e-02
-1.044286607543523e-02
-6.806583504072013e-02
3.114691093913410e-03
9.521763715809234e-01
-3.153284478477369e+00
1.984679744716667e-02
-1.958306398789399e-02
1.952450024268777e-02
1.120210357842892e-01
5.993566793046888e-02
-1.270515529398779e-02
-5.918055957975549e-03
-3.999805174592844e-01
-2.365155629025206e-02
-6.345176000465238e-01
3.601131606742140e-02
9.383181283561362e-02
-2.196946527295158e-04
5.151444764816672e-01
6.774044238169851e-01
-1.026165773457172e-03
1.914098317330021e-01
1.596960143315811e-03
-9.874970589878491e-04
7.058492661572502e-02
-1.154011109323112e-02
-1.914077343920160e-01
6.854540428633584e-03
2.793949644810906e-01
-8.305539482884271e-03
2.658260148337855e-01
-2.077505937292627e-04
3.135326404740370e-03
-5.236754164089823e-02
-4.062498938727405e+00
-8.977979728116499e-02
-1.302416771251582e-03
-3.613993434982372e-02
7.984904546154147e-01
-4.002145349694956e-02
-4.228166781200287e-04
-5.283335574304691e-03
4.296200486656842e-02
-1.585007510275248e-01
-9.537049778454131e-04
3.664280987179313e-01
1.541682327544320e-04
-5.266649182674982e-03
-9.204348960467471e-04
-8.898421436974947e-02
1.056611839301941e-03
-5.359900150943698e-01
4.621483167574323e-01
-3.593403957512999e-03
2.848100297577378e-02
5.342247380221650e-02
-9.093668998368816e-01
-6.302806887885545e-05
-1.554102391978993e-02
-5.228816478836860e-02
1.298343179502237e-03
6.946564826314089e-03
-2.483725184631457e-01
-1.650830299438462e-02
9.406856966710799e-01
3.414586271984528e-02
5.747321016270104e-04
-7.903073633267793e-02
1.958969531522429e-01
-5.143478456638923e-04
5.184355619856350e-01
3.391865687036020e-02
-1.008634589075165e-01
1.275990892621228e-02
-1.238969499282840e-02
1.001207407925204e-01
-1.362377926858242e+00
-3.620115777405269e-04
-6.112401801482957e-01
6.576113108647011e-01
-1.632881030312929e-01
-2.036306567777914e-01
2.030608869442832e-02
-4.535107201032967e-04
-5.217981853168551e-03
1.618140125982591e-01
9.615991347999545e-03
3.969824814703776e-03
-7.733652874762550e-01
-8.294167658956995e-02
-1.981033407711134e-01
-4.741101916162861e-03
1.565720451175594e-01
2.138617220775033e-02
1.979659804865714e+00
2.068023746881724e+00
9.639763465395126e-03
-9.896930719170020e-03
-4.846437869417319e-02
2.078146237298913e-01
-1.528161615442757e-03
6.202413600739101e-01
7.247136244863287e-03
-8.617474302119321e-01
5.079341882803862e-03
-1.650413873099432e-01
-6.551560495280227e-03
1.948822855350522e-03
-5.464543086953541e-02
5.482259469836055e-04
-5.355732325912522e-01
3.028229866159901e-02
3.966149123819675e-03
4.317648329464732e-01
-9.426256813716181e-02
-4.865281772363091e-02
-2.805762461732623e-04
6.205192525050721e-05
-2.988003602809827e-01
8.246582241028971e-02
9.276260547053027e-02
-2.826678404874188e-05
2.132412890508086e-01
-2.826582739471986e-02
-4.343920391613443e-04
-3.254974493447438e-03
6.993934148880446e-02
-4.411853471725620e-03
4.391959943650356e-02
-3.144593179982241e-01
-1.329395343750143e-02
-6.453878919443527e-02
-4.854257808917712e-01
-6.212458910966152e-01
-2.011549161664722e-01
-3.647679775320476e-03
-3.465501834580966e-03
-8.363050934357567e-02
-2.031190013423175e-04
7.180865014731430e-04
6.868783757681694e-03
1.838245651662119e-01
1.426388637489966e-01
1.601482685214548e-02
-3.050980473262651e+00
-9.553741097737285e-03
-1.460869077723352e-01
1.122222906742461e-04
3.529020924630866e-01
-1.160865934354281e-02
-2.265321426762946e-03
1.066034924947860e+00
-1.000116056393185e-01
-8.536033309892227e-03
-9.663263427686142e-02
1.150093137438093e+00
1.608804956617802e-01
-5.737897592842661e-02
1.535505542152255e-03
-1.122426207705198e-01
-4.133703433748168e-01
-1.937673977909864e-01
-5.624851287611694e-02
-5.483264319216081e-01
8.963325447281498e-02
-1.507632617772677e-01
-5.160503231098103e-03
-4.279210685938132e-02
-2.205881299564438e-02
2.687492684090873e-03
-1.074326885390953e-01
1.370933630910171e-01
-9.101660699844526e-02
-2.141870779913201e-01
7.969198658504085e-03
2.844328465089011e-01
-2.696904754714926e-04
-2.681523424233961e-03
-1.888647843835935e-02
3.571009394890953e-03
-6.767800691995098e-02
4.198017155055259e-03
2.271637880673005e-04
-5.790981413437796e-01
-2.437606979222404e-02
1.724988601424918e-04
5.221013727397777e-01
-3.860277472003007e-03
-6.525050915329861e-02
-5.576799571828747e-01
-2.450351681162362e-01
6.670588763417305e-02
-6.080003150781770e-03
-1.796368998448817e-01
-4.728060539669403e-02
-1.442324613137718e-01
1.783378435220607e-02
-1.675714474203885e-01
-3.373240020306820e-01
1.199828980434231e-01
7.952837741621070e-02
4.313069677825994e-06
1.592264322620442e-03
8.242699057181804e-02
-1.449692134265051e-03
3.083820021359739e-01
-4.523634315023999e-04
-1.253549255578357e+00
1.035038037001902e-02
2.863187924289544e-01
1.005774342512146e-01
-2.060784419555020e-01
1.688017519617130e-04
9.589692652401869e-05
3.726843483688647e-03
7.456821076911048e-02
2.006762288317163e-05
-1.531886706146801e+00
-1.454075899848364e-02
2.459543465791354e-02
-3.271224711027095e-02
-7.835901329394360e-04
-3.237950174498826e-03
1.233071308680051e+00
3.509524770488031e-01
1.085007949016118e-02
-3.009355708581738e-03
8.419117514414175e-03
8.397683763150988e-03
7.323609911420799e-01
1.303068874846176e-01
8.388092852952420e-02
2.662824475676519e-02
-5.120603859205606e-02
2.403426166771448e-01
-5.078734944127913e-01
4.111439329127552e-02
1.477963754535083e-01
-6.823366997962672e-03
5.285253995808994e-02
-5.843248100772932e-03
1.895180651169002e-03
-1.452986200108940e-01
-3.091227981038968e-01
4.470046361729262e-01
-5.855744816621858e-04
1.356309648342538e-04
-1.845731851229491e-01
1.333736601260091e-01
6.153767340776805e-01
1.079524221159770e-05
-1.239451359273876e-02
-1.610482227207577e-01
5.722460542564094e-01
-1.040167317610981e+00
1.494244532571787e-02
-1.302182427031771e-01
-9.299423494930047e-02
9.835730810171091e-02
-1.741095176351570e-02
-4.906467958607673e-01
-1.179596578585899e-04
4.527793706368866e-02
2.655392872943302e-02
-1.514730089951482e-04
1.843682441168717e-03
-1.056630527457115e-02
5.645545890995480e-05
1.325971669679017e-02
-2.267882873925159e-03
-5.980068972632440e-03
2.901835122282103e-02
1.674116243145025e-04
8.536985788099435e-01
-1.892489079583489e-03
-4.839881429154622e-06
-3.291716478884758e-02
1.217248049488799e-01
3.168079653852590e-01
8.271057066539620e-01
2.277615124749627e-02
-1.729281075257777e-01
4.648967406394531e-02
3.231199182288607e-02
1.870871631947464e-03
-4.042558513699639e-02
-2.119125071444090e-01
-8.528747174081759e-02
7.261472403128319e-03
-1.188024590278580e-01
-3.375019983080018e-02
-1.009064553326107e-01
3.373144981847777e-01
-7.155418238405247e-05
-1.655890982836241e-02
2.529424775610122e-01
6.828528434737197e-03
2.161234686007186e-04
-9.997894981138748e-02
3.231972870498326e-01
1.285462748026102e-02
3.009915268957769e-02
-6.808411248058333e-01
-1.115317398328669e+00
-8.537111622037231e-02
-5.107156303225475e-02
4.942585036383861e-03
2.000273110178246e-02
1.092288050919277e-01
4.452902093151265e-01
8.539681396864638e-04
4.111152690267208e-04
4.192233128259363e-05
2.099094800628580e-03
1.783639425752497e-02
-1.760115138650833e-01
3.205391047051092e-01
-1.921166063483854e-01
-5.920597530277187e-03
-1.527503596800174e-01
-1.645820445866933e-01
5.177079787959712e-02
-2.112554361131219e-01
1.287063130165133e-02
5.178613800602469e-03
-7.974009874392320e-03
-1.521581262720779e-01
6.009955602935999e-02
1.843827071434873e-02
-2.981874747019426e-02
-1.810692349774550e-02
-2.819034270516218e-01
1.059189286639868e-02
-1.230227365014343e-01
8.956087590681066e-01
3.272588791400395e-02
-4.266986147218672e-04
5.908374672635535e-03
-6.295686172848432e-03
-2.920359634911412e-02
1.977188862290636e-02
7.681333560922004e-03
1.300713977195052e-02
7.076930467109243e-01
-3.761363446304665e-04
7.881346133340373e-03
-2.150646737641132e-01
2.154198963064443e+00
-1.211632666171971e-01
9.776296137879480e-01
-1.408293159906250e-01
-1.285365393538174e-01
-4.912168562941645e-03
1.164021401295195e-02
8.403141741746049e-03
1.566152393603886e-01
4.362730958078493e-03
-4.778196281832642e-03
3.207927572993104e-03
-3.244451687081091e-03
3.327261978519297e-02
-5.246775827144601e-02
2.218593555965011e-01
-1.043915650753873e-01
8.020033155044659e-05
6.776519873125201e-03
3.373754725636065e-01
6.042042744494390e-01
1.010090114558593e-02
1.939277275450439e-02
3.485765879184659e-02
-5.435935584448215e-04
2.694060894830320e-04
2.553308034949691e-01
1.144667163041209e-04
-8.454912077935433e-01
1.030461589582677e-02
6.680059333232202e-03
3.689562031926266e-01
5.595148961320607e-02
-8.923020748340728e-02
7.814695437044364e-03
6.994259516306469e-05
1.701395847479720e-03
-7.039533314703618e-02
-1.053574849039298e+00
-3.712746602035113e-03
5.192691370339294e-02
-1.460970116636439e-01
-2.529066743727706e-01
7.648354561285133e-03
1.728866380399657e+00
8.330907924215920e-02
-3.730198999521143e-03
-1.853116220727701e-03
-3.673019533691284e-02
-2.167969901538597e-01
7.675199829456967e-03
6.793489059341966e-03
-1.043761679643304e-01
2.659128096006043e-01
-2.530330226784364e-02
-2.776376957226817e-01
-1.142142079845147e-02
2.043071725910695e-01
2.238501548491059e-01
-1.512535359779645e-02
6.491618992184665e-03
-9.431018401246379e-04
-1.718038530944442e-01
1.785642308506057e-01
-1.823533835660265e-01
-1.488094933061703e-04
3.184516059233039e-02
1.330083734846877e+00
-2.324935187891996e-01
1.775818907706013e-02
2.160361560382393e-01
1.718186855360228e-02
-2.102001105754038e-03
-8.489374108139432e-02
-2.858682850327023e-02
-3.457205688139835e-03
-3.596045324483732e-03
-1.105854395339700e-01
8.371920684737940e-05
1.240337075222712e-02
3.729378384502704e-03
-7.932346720444849e-02
6.104952547941926e-02
7.138524894234057e-01
-2.082475701781954e-02
-4.624955511543053e-02
4.142812689891818e-01
4.762164420949384e-01
1.332514834930705e-06
-1.247551708134812e-01
-1.349239507647825e-01
3.753535790837417e-02
1.165295216304197e-01
5.356518653164241e-03
-5.561144900381226e-02
8.824712103589025e-02
-2.202369180943313e-02
-2.311811316727728e-03
-7.433045807899662e-03
7.821278712709680e-02
-2.235141306401880e-02
-1.205842170311179e-02
1.359285809695243e-01
-4.076870057028504e-02
-9.795611110057318e-03
3.662475134965291e-02
-1.466645422467438e-02
-1.042941338389470e-02
-6.106940105221627e-03
-1.568165405118379e+00
-8.025768305852973e-01
-1.717505755910312e-03
2.713920461823769e-02
1.593629274181350e-01
-5.377056677136308e-02
-3.222546193070304e-05
-3.051941730501815e-03
2.424785097522249e-01
-4.360728099368454e-02
1.698158436850295e-03
-2.628740418021692e-04
-5.003658006803109e-01
-2.445399464473670e-01
1.234494578149068e-02
1.420189918925991e-01
1.893876036361371e-02
-5.905650390972504e-01
-2.674394009955762e-03
-4.664049802627736e-04
2.288839946038270e-03
8.516244555235836e-02
6.684678532045442e-02
-6.389372493868082e-03
-3.797097977400794e-02
6.985997776568799e-02
-2.166995238146618e-01
-1.143750725578657e-03
2.474505954552192e-02
-9.426794020592977e-02
1.010724275398771e-03
-4.674212761777345e-02
-3.188697094147715e-01
2.392732337929056e-01
6.257788158395128e-02
2.634686205413346e-02
2.397157506506782e-01
-2.915780565431965e-02
-2.293207061998043e-04
-2.656502415233681e-01
-9.346929298887873e-03
-1.917628344268805e-02
7.336930929867981e-03
-1.909644781972084e-02
-3.733716298542863e-03
-2.548408188011431e-02
1.248456239689685e-01
3.164977515036571e-02
-1.212386450211382e-04
-3.184578233057087e-02
5.296253992124328e-02
-5.890463420407485e-01
-1.256578532707547e-05
3.450305594454950e-03
9.441008134697403e-02
3.666926618862742e-02
-8.689661225110361e-04
-1.104565065597978e-02
3.611430644646771e-02
1.017176887253737e-01
-6.748569410401099e-02
-1.819782431488771e-01
3.252514480366300e-05
4.517029389433707e-03
-4.063663726457831e-01
-4.329112580561561e-04
9.890694429950188e-05
4.042027663516536e-01
4.064110587921889e-02
1.972284152270205e+00
2.152794944348282e-01
-4.768705039225082e-02
1.149874714213211e-02
8.710846524117871e-02
-3.550168978639372e-02
-7.210725619072380e-03
-4.821031851350647e-03
-3.092983673353514e-02
5.151654324953812e-02
-9.287962990508686e-02
-1.347088004803801e-02
1.855271323414113e-02
-6.666589009655208e-01
5.093722920595375e-02
5.501920889392902e-04
-6.094569709284068e-01
-8.454170573670892e-01
3.920274453939429e-06
-1.083668204260213e-04
-4.818195795824805e-02
-8.105702987523918e-02
-9.811551309942612e-02
-1.982074685060302e-04
4.638662383656565e-04
-1.285292882315326e-01
1.910334017480040e-03
1.468096371261476e-02
-1.719468660074292e-03
-3.725408039595398e-01
1.744435176210780e-02
-4.845631916410949e-03
-5.760842571229415e-02
-9.274313748534168e-01
3.998513956980921e-03
5.471242548260493e-05
7.320147226964246e-01
-4.707521292854645e-02
1.273052974332879e-03
-9.040484701313778e-04
9.879587188519746e-02
-1.486117956331843e-02
2.453052496205349e-03
1.742478454488377e-01
7.699899152593220e-02
6.429106412693811e-01
2.785684716085751e-01
-3.260390504859541e-03
-1.106340636390934e-01
-2.576118411747668e-02
-4.661735849500711e-03
-1.076494075659109e-02
-9.952565578848998e-01
1.101316331979320e-02
-8.393859822938963e-01
-1.039644332386474e-04
-5.580203304656862e-02
3.003689957730229e+00
-1.399040142132751e-01
-5.334980221087418e-01
1.141735893110397e-01
-5.389032827701148e-01
-1.833162199683062e-01
9.135753692278370e-01
-1.708188610831056e-02
4.996439537981933e-02
7.151317737768077e-01
8.021064803876560e-03
1.506065806048468e-04
-6.196518432996041e-04
2.936681316604282e-03
-1.130190139954129e-01
-9.586712288530769e-02
-2.215448617188898e-03
7.595436849218037e-02
1.071503465349483e-02
-4.962664750775488e-02
9.268719926226936e-01
6.051398514858415e-02
-1.932810237593616e-03
-1.445124746294468e-02
8.046138048454636e-01
1.080464769664307e-02
-1.701591720073953e-02
5.762567868824090e-01
3.681287875923869e-01
2.916665304335945e-01
-4.029521309404107e-02
-5.117249679921553e-02
2.950525023977046e-02
3.056745009471012e-02
1.243094773444624e-02
-3.057719733438651e-01
-6.968337271128187e-03
7.023068521931811e-03
1.316312877044468e-01
-8.412164043842720e-01
-3.934087100584917e-01
2.152224867274375e-01
-3.588719133330564e-02
-1.656534894586214e-02
-4.849227374379583e-03
1.887724806489139e-01
4.999004623915931e-01
-4.364662474027389e-02
-3.069826998099435e-02
2.918242688853080e-03
-3.836052098113286e-03
4.922678010332622e-01
2.852059091405614e-03
-4.653584022410347e-03
5.808076868157195e-01
1.197466881599851e-01
2.813668288593169e-01
-3.330394701221973e-01
-1.816106574374780e-01
-1.220119052322772e-02
2.124656438878111e-01
3.254707247346279e-03
3.072047471215353e-02
8.379181766591714e-05
-1.551688297533975e-01
1.805099327587735e-02
-2.194353844793751e-03
-7.629719161901435e-02
1.247628151194299e-02
-1.358511829640020e-02
2.153100142842390e-01
-5.756870629033411e-03
-1.985507046792415e-02
1.099405245447594e-02
4.485878933133524e-01
1.387933977856135e-03
7.105415161067370e-04
-4.896465442038519e-01
2.055301321100485e-01
1.314355660469912e-01
1.864167737209822e-04
3.275308890259347e-02
8.099643728732942e-03
3.157157941127922e+00
-6.388951048353016e-02
2.133847789573074e-02
1.012946819529245e-02
1.287325309129360e+00
3.432001882066438e-02
-1.754659322641089e-01
4.912967157265799e-01
3.554128845141694e-04
-8.157715956300738e-03
3.549418922240986e-01
8.150651719793578e-02
3.947257390439591e-02
-2.910317728657073e-02
8.585915887757875e-02
-3.714088258473641e-03
1.362645719076839e-02
8.135699080926921e-01
7.815861704162565e-05
-6.528769151224361e-01
-8.584833672317925e-02
1.961723482894770e-01
8.818337700116034e-02
-1.379907326307139e-01
-4.259494604104855e-03
3.425438315312482e-03
-5.340160327355398e-01
-1.444207069996481e-01
1.533986522181108e-02
-7.485389318368186e-04
-4.908939699756258e-02
-1.818857287635558e-01
1.995489386097639e-02
-1.082252346527176e-01
-1.745684962180989e-01
3.287125443907632e-02
2.733162934307969e-01
1.030735794662574e+00
4.690046096817301e-01
1.745530485244062e-01
1.075955442973145e-04
4.221058633047802e-02
-8.045597186605853e-02
-1.101615900693913e-02
-2.828697589736201e-03
-4.803554571543182e-02
1.801955805089396e-02
5.248764687926065e-03
-8.992277645831950e-03
-2.532485472252570e-02
1.862917277619545e-03
1.047184621882874e-01
-1.513484801242340e-02
-8.937740948076614e-02
-1.304101889762696e-02
-2.627544718106671e-03
-2.007765749598106e-01
-1.830709949610202e-01
-3.049019347821102e-04
-5.299936247077924e-02
6.114378811895096e-03
1.034102341938738e-02
1.473714286761251e-02
-6.023334368123195e-02
-3.340352334496102e-02
-1.695483175005344e-02
-5.487503317950609e-02
-4.199455337046638e+00
-1.902074095111076e-02
-1.358247828233429e-02
-1.204588029374712e-02
-1.288969830214292e+00
-1.084577951424300e-02
-7.329052071323123e-01
-3.852023824939813e-02
-9.159791852044821e-02
-1.626748185764432e-01
-2.155647050074029e-01
-6.496187724241997e-03
2.346322271714202e-02
-8.971182358511513e-02
3.382395254137273e-02
2.472544075671331e-01
4.677983892143742e-04
7.901531072715628e-02
-4.925171387911655e-02
4.055092312371230e-01
-4.970536918046630e-02
-1.114371707080260e-01
2.224170494012413e-03
5.086511074779192e-02
-3.279295546207718e-02
1.134416480692042e-01
-1.218317539250223e+00
-6.312157084652448e-01
7.392555069571488e-02
9.079506545493224e-02
-2.146109662521817e-01
8.461745170611033e-02
-1.576053642761846e-01
-1.529003182254205e-02
3.963948723534725e-01
-4.342382077773920e-01
-2.387804395360789e+00
7.422337602246408e-03
-2.115931280926557e-01
3.193829472131612e-01
-3.633715855228135e-04
1.398356331808245e-01
1.728920390447911e-01
-8.401571845952725e-03
-7.520695243187953e-01
-3.193711871203849e-03
-6.592783764219984e-01
4.730924340719735e-02
-7.230802043475305e-03
-1.708372909435097e-03
-2.479541670143920e-01
1.303024355848754e-04
-8.402701090684832e-02
1.203462205902465e-02
-1.226302821229915e-02
-8.280960080520232e-03
2.599428743482451e-01
-2.362343908807117e-02
-2.567668935676500e-03
3.070322848616740e-01
1.303526533478834e-01
1.410858684503874e+00
3.416882735779292e-02
-1.598225062766912e-01
2.141474219052323e-01
1.125793963746355e+00
-1.705573241174392e-01
-8.642620132480987e-02
1.660510099363952e-01
-1.376116497500943e-03
4.331301909261038e-02
-1.846020517566219e-02
-7.854244777591470e-03
8.258953281014222e-03
2.550219520684988e-01
1.031295988846580e-02
2.734956352294612e-01
2.902561121586620e-01
-1.733061847054881e-02
3.339658454470404e-02
1.167442891328033e-01
-1.677029662991153e-02
-5.719577227024196e-04
-7.214092827605795e-01
3.594366112169231e-01
-3.063288865731538e-01
4.636261838804665e-04
1.926893001658528e-01
-1.409744868870791e+00
8.499270435629346e-02
-3.304665631068356e-02
2.105538959108144e-01
-3.119034906998390e-03
-2.365681962253407e-02
-5.612676765029279e-02
1.573405283671854e-03
-5.373950943603553e-02
7.125062825872909e-01
5.754068318380843e-03
8.128543025296895e-01
-2.535093367333697e-01
-1.478329089522694e-02
-8.746573214950379e-03
5.978124279383253e-02
1.809889040947106e-02
-2.725999673911617e-01
-1.165201734038546e-01
3.761702012553719e-01
-1.597738522486928e+00
-1.500512999607019e-01
7.102638667528640e-01
-1.378390411966438e+00
-1.797568764081368e-04
1.545754494414305e+00
-5.080167776802253e-02
5.375014522018239e-02
-3.193393354840471e-01
-1.220624768025996e+00
-1.071088644629681e-02
-3.004840083531764e-02
2.231462955116830e-02
-1.769216609946203e-02
-3.445566858565274e-02
-9.564890177728834e-02
-2.661632809486043e-01
-5.818025396320231e-02
5.451336371545367e-01
-2.347571001535185e-02
1.235065659653555e-01
5.012716226614137e-02
-2.573095055975357e-02
-1.486339166361422e-04
1.485187183303634e-05
-3.922241272315909e-02
1.758178071042562e-01
-2.122562051913669e-01
2.170289228578060e-01
9.838807892701093e-02
-4.077451095222816e-02
-4.201394927754797e-02
-5.641872590098939e-03
-3.911557689721396e-02
2.539170481526893e-02
-8.586243490792554e-02
6.479031970965800e-02
2.280571713414753e-02
9.674531809216638e-03
3.021633629959858e-01
-5.066214388249630e-02
-7.821275717667862e-05
-1.170328556827173e-03
9.758935529780786e-04
7.882604224779852e-03
-4.201537867263976e-04
-1.276672889215575e-01
4.702327586015206e-02
5.756554800006929e-02
-3.136145199861705e-03
-4.315102486258784e-01
-1.253445996156175e+00
-1.203780469795159e-02
9.086923749735616e-01
-1.954318000710751e-02
4.312236719942601e-02
-5.669778646103170e-01
-1.829258539661599e-02
7.309623952446303e-03
7.300555803287347e-03
1.055768668171505e-03
-6.933047727076795e-02
3.150006839735333e-01
2.718912985324269e-04
-2.007735192092093e+00
-2.677848629439396e-01
1.250078299239583e-01
-2.189190779572044e-03
-4.947153278450468e-02
3.143430392963505e-03
-5.921598531598549e-01
6.920891015442968e-02
2.438513479993998e-01
-2.871012648055323e-02
1.239160776660263e-01
2.270613708193569e-03
7.340362763428408e-02
-8.965871048383306e-01
4.921177833696662e-02
-3.898619118471907e-02
2.395654181297576e-02
-1.252755740038983e-02
1.717868689002444e+00
-1.733951990893776e-01
4.091816516260814e-01
-1.412787199154125e-01
-8.801328205343533e-04
3.346747753749942e-03
-9.229303790198835e-02
5.432721027097667e-02
3.361395638460320e-02
-4.917766564901935e-02
5.653141832595350e-05
6.963341977262553e-04
2.866458734500993e-01
5.463819118697667e-02
2.441431495900515e-02
-7.543437890905523e-02
-3.067731269737266e-02
8.994414003266415e-02
-2.569637964391283e-03
-4.730803273011407e-02
-3.642742263127679e-01
2.682223992521676e-01
7.241364098161246e-01
3.546035086292409e-02
-1.318289688665979e-02
-6.662095150639316e-01
-6.342554387272226e-03
2.567393384085933e-01
-4.917251795845991e-03
-1.350192657807466e-01
-3.612409439010870e-02
1.714496238064796e-01
-1.072392733490442e-02
-1.684783450890144e-01
-6.804004773569571e-01
-4.285433637781983e-01
5.520956082607233e-02
1.023052904785949e-01
-5.670860094967408e-04
4.112493204482551e-04
9.785304971347478e-02
-1.190937526844290e+00
1.738218099532060e-03
1.377668741917124e-02
-1.651063098841005e+00
2.835826027682433e-03
8.417589905153124e-02
-2.154962511076554e-01
-4.194160566349855e-01
-2.097894369719119e+00
4.238112714857844e-02
-1.190338528446865e+00
2.088373807504264e-03
4.953848085564903e-02
-6.505837801267174e-05
5.886535558903797e-03
1.375921199602370e-01
2.358834854067292e-01
1.632269798360062e-03
1.191005973069952e-02
4.212365323186740e-01
-1.290433032078053e-03
-4.740615316028998e-02
1.464694795016132e+00
-4.611497590456048e-01
-2.423510562513417e-01
-6.265351983535047e-02
9.655208922052811e-01
-3.654856431859850e-01
-3.318455425214789e-02
-4.919091680489718e-01
7.140710833226446e-02
-2.261915128790640e-01
7.043979238283004e-03
-1.700748731765612e-02
-6.057030073422481e-02
1.407418588878537e-02
-3.364131653484768e-01
-2.506291466133991e-03
9.798558702165208e-01
1.549914505676648e-02
6.770650272177077e-01
-3.493621684258771e-01
-8.274240913772837e-03
-4.513266124471611e-04
1.226220105123237e-02
-1.172034977895201e-02
2.477189605490289e-02
5.791722952530119e-02
-8.346367321338723e-03
6.527697439589418e-02
5.826662618106048e-01
-3.022308262148606e-04
9.482775587489940e-04
-3.525149532334133e-01
-1.606598453301533e-01
1.171672439483927e-01
9.746058573512558e-01
3.698975772474733e+00
-2.789025945912867e-01
-9.055798409198397e-01
-9.761636416574542e-01
1.130901605762114e-01
-2.765494480471878e-01
-2.236223215309427e-04
4.726762600912093e-02
9.620528160986780e-02
-1.582327663608466e-01
-6.465728675469421e-01
1.253009986755423e-01
-1.390610289874352e+00
8.583218359869047e-01
-4.300117403851214e-01
-3.260201017602173e-01
1.251918018955852e-01
-8.016320330611133e-03
1.984705873397316e-03
1.700553134584384e-02
-4.583644495509142e-01
1.046745165106787e-04
1.438141761667168e-03
-6.914337444225399e-05
1.915322710992063e+00
-2.358437338349668e-01
-8.282844884314568e-04
2.962722040542855e-03
-3.342763213624284e-03
-1.756434016286848e-01
1.810064303648635e-03
1.702886420742623e-01
3.795104288562570e-02
2.362981889106353e-04
-1.639974014289159e+00
1.115708528412697e-01
-2.927865143029703e-04
3.603192000122706e-01
1.000923842258036e-01
1.146382764490499e-03
-3.634761402632012e-01
-2.061536775267026e+00
1.255307206231606e+00
2.012044040048190e-03
-3.653966602265430e-03
2.125196178151906e-02
-1.540049666035775e-01
3.505719777635377e-03
6.642919228854973e-05
-6.839859923746433e-01
-4.765214752589413e-02
1.552780691360619e-01
-9.692648822039643e-01
4.222119696877397e-01
-2.135988190556663e-04
9.157768413764571e-02
1.109143841961439e-03
1.774068788205796e-01
-3.425685500762878e-02
8.927977111018415e-02
3.571324561080135e-02
-8.589566803657362e-01
2.128788790549565e-01
3.501393087564589e-04
-2.956586864680201e-03
-1.942292502099588e-01
-1.905117049503556e-01
6.610405905429650e-02
5.207214338320457e-01
-2.519483444108109e-01
1.118047640540129e-02
-1.068572305234507e+00
-3.861281854869057e-02
2.009945347839235e-03
2.532442460369791e+00
2.677064708474623e-02
4.288381662748499e-01
7.496120091922671e-01
-1.857435290665163e-01
-1.614657203678224e-01
3.059013214189578e-01
-1.138715285926584e-02
-4.065341245209769e-01
3.070962649167956e-02
-1.079680440729781e+00
-8.933476451000383e-02
-1.230235967577343e-02
1.344493625571627e-01
3.527056068376974e-04
-1.069796368559503e-04
-8.445824083124030e-02
-1.785003825226730e+00
-7.613001305758451e-03
-2.816682962545393e-01
-1.588828534260421e-02
1.981235882651968e-01
-9.526690814342777e-02
4.195096357303809e-02
-1.305247000126592e-02
1.227105099596431e-01
-1.973220682327248e-01
-1.142999905039052e-01
1.234761982441801e-01
8.687185282930757e-01
6.132290391586035e-01
1.397753925864897e-01
-1.195385802854547e+00
-2.296463860619544e-03
-1.960672851176572e-01
-1.508464305937184e-01
-7.336704544881935e-01
9.987960364949564e-02
-1.102051326556040e-01
4.531527508413920e-01
-5.274088987622323e-01
4.555834612144288e-02
2.276171495769603e-01
1.074035768027041e-01
-4.690419740250816e-01
1.657768087614011e-02
7.105585551486091e-01
-1.040523990741659e-01
6.326761806480579e-04
-1.794477941533999e+00
-2.765190259388170e-02
-1.358803252924826e-02
-4.186166983194824e-01
1.334443870964149e-02
4.940841941238436e-04
-7.180716438482135e-01
1.544542093622792e-02
-1.956850159754418e+00
-9.171790050086911e-03
-1.276219078485199e-02
1.022669499521441e-04
-3.412504888685812e-01
4.230242378720857e-02
6.070419677261180e-02
9.780000503158807e-04
5.339330326116950e-01
-1.236120887724502e-01
-1.667694849353780e-02
2.042396653684997e+00
-4.615058882264101e-02
2.934507852123781e-03
-2.950029326939938e-02
3.161313160178668e+00
-7.811857678149577e-03
-3.028971876018883e-03
2.428833133219130e-01
1.158005735333631e-01
1.472030492963781e-02
-1.540737355633139e-01
1.602525344699526e-01
-5.376128691343734e-02
-9.507668039766681e-01
-9.791934693812622e-03
-7.869738846516576e-02
-9.136906944733823e-02
-6.287415557056251e-01
-5.665598389617188e-03
5.475082902677712e-02
-1.027158735657321e+00
-7.403236298470166e-03
8.883908291276058e-02
1.323361163908612e-01
-1.008118776514727e+00
-3.131434085933929e-01
-2.029618323205040e-03
2.216822564975763e-02
-1.938092840766245e-01
1.115027720871961e-04
-6.823350449431953e-02
-7.810791735247413e-01
2.227044266761536e-01
-3.842195928605334e-03
2.182201954423031e-01
1.609332814509985e-02
-1.680582689644409e-01
5.458724929693933e-01
-6.230121230271042e-05
1.681634534571578e-01
1.094745433571625e-01
2.034658068863433e-03
8.702018829679370e-02
-2.665929090073754e-02
-1.972663794623019e+00
3.736727371938827e+00
2.022172411550964e-02
1.268341396391130e-01
-8.344919566369449e-03
2.513908621218866e-01
-1.819685799378966e+00
-3.186943990254891e-02
7.216151353128916e-03
9.651687134076521e-02
8.238646563138620e-01
9.429145297956092e-02
2.789195517881289e-02
1.160355843069464e+00
-1.887619156289775e-03
1.822499567675066e-01
5.277276412524253e-03
-1.861603808768007e-01
7.517828851006561e-01
1.294675902259015e-02
-2.787117265095087e-01
4.762080309828096e-02
5.941222381176529e-03
6.194937133736810e-04
-5.411145996299833e-02
-7.080000612391147e-01
-2.256518311987218e-01
-1.261521847076539e-01
4.647251226579081e-02
4.366641993356796e-01
-1.031246205204824e-02
4.863850246465792e-02
-1.614987520797954e-01
1.746128855200241e-01
2.481158018949490e-02
5.883974063284694e-03
-6.438274962170440e-03
-3.239956206139667e-03
-3.769748117776568e-05
9.474305605114307e-02
9.148998493534469e-03
9.156315983378308e-03
-1.403256417996483e-01
-8.570641639925622e-02
6.121224296870570e-02
-8.331456462135693e-02
-4.720127835845542e-02
-9.746565243154399e-02
-3.837361120761253e-02
-1.349383067844226e-02
-3.559923311240832e-03
-8.545711072210280e-03
9.739673021273508e-02
-1.781374393658987e-01
2.007401830719391e-02
1.569444943496887e-02
2.012509244581689e-02
-1.103500782132107e+00
-8.074183361781392e-02
1.956045956556055e+00
2.566148196823335e-02
-3.137432366164650e-04
-2.046515242808160e+00
1.649588322148750e-01
5.109550477001075e-02
-4.421013178188851e-03
9.411956844542856e-02
-1.975799838176932e-02
1.749579916217164e-02
4.859218985156636e-01
1.735851021684665e-01
3.230534366674907e-01
-1.066925841526043e-02
-2.095830999986542e-01
-5.112127877155345e-02
-2.616733010983370e-01
7.112388627530040e-02
-1.040864527373703e-01
1.168579261952107e-04
-6.784268163492153e-03
1.831132233934484e-01
3.465409630895875e-01
-4.276544957096556e-03
6.911968591262059e-03
7.991478200917841e-01
-2.170415247744076e-01
3.579739529333248e-04
-3.915053725616538e-02
1.030090351673766e-02
-3.841568671838359e+00
8.557379958817072e-06
-3.128027982824662e-02
1.476414757670731e-01
-1.229646622388816e-01
-1.510889615044315e-04
-2.154401546052352e-02
6.787176449486980e-02
-1.062393382649797e-02
-1.094309584147875e-04
9.914550786831478e-03
-1.205398425037209e-02
-5.935031495361066e-04
-7.355564195581855e-02
3.575833236313940e+00
7.605266594989868e-04
2.633566055450606e-02
-4.044626648653241e-01
-1.168605894251441e-02
-1.238170984973701e-01
-3.859944651040353e-02
-4.497595481618085e-01
-1.418455992306338e-01
-6.108852739578541e-02
-2.619547907360700e-02
3.476095021456324e-01
-3.561902293289246e-03
-2.204910675903872e+00
-2.296339069317925e-02
-2.803062793704160e-01
3.381215382871910e-02
1.002782935441841e-01
3.615744813823369e-02
-1.793720379795331e-01
-3.501701878048790e-02
-1.210143043554914e-02
-1.743442367882345e-01
-3.226662675295081e-01
-2.323696769688890e-03
-2.686894360051651e-02
2.581806281515473e-03
2.861825926681825e-02
4.246280675492065e-02
-4.361316163411499e-01
-5.723922669456701e-01
-7.162993475365056e-03
2.309867893798700e-01
1.188960814563978e-05
2.203032117136950e-01
1.995296874004172e-02
2.279136639598289e-02
5.321987050006118e-04
1.269627507225405e-04
-1.447520726291825e+00
-1.067361008804683e-02
4.794821589181388e-01
-4.637932936057146e-02
4.879854330995603e-02
4.264625343956027e-02
-7.624510682002463e-01
-7.367504653039022e-03
-2.861266371594856e-01
9.016277974253044e-01
9.928683120021115e-01
3.166261247855283e-01
-5.102696888144647e-03
4.546278014498041e-07
2.114930666566500e-01
7.430203741323772e-02
-1.037715594335933e-02
-7.154390233938567e+00
2.161386675488591e-02
3.650762305382140e-01
-1.433540787690349e-02
-3.233512151617896e-02
1.985535169740469e-01
-3.452868594062505e+00
1.293367439086988e+00
1.175869138054267e-02
1.044283286173891e+00
2.748036772272301e-02
-3.627891400294232e-01
-2.486775237277737e-01
-5.621111430110421e-02
6.973541134926639e-02
7.910427696103026e-05
-4.588954406693763e-01
-8.316790437690609e-03
1.945448130236500e-03
4.840994080849337e-03
1.150182944136655e-01
2.126505448629754e-02
-7.715328873502321e-02
-1.507640422023634e-03
3.380883331798017e-03
-2.291949958712392e-04
5.418431079768603e-01
-8.015898640922536e-03
9.097501258623997e-07
-3.193696942711467e-01
-3.700357557441692e-02
-1.860564518554201e-03
-4.528792943617717e-02
-7.793496091852382e-04
-1.270944217352125e-01
-1.788830476076112e-02
-8.541059242722565e-01
6.840296786297208e-02
-2.127058683441549e-02
4.114583869772884e-02
3.345995059920902e-02
-1.596277295940263e-02
8.417353070614002e-02
8.801529928955651e-03
2.636164153853194e-02
6.645279712987460e-04
4.562973090765734e-01
-1.595676247543229e-02
-6.299131600152879e-01
-5.710074338172023e-01
-2.771851280101839e-03
-1.842678571962538e-02
-6.484333099567617e-01
-2.886704300836127e-01
-3.730935747791401e-03
6.172251166277683e-02
-7.053097591144344e-02
-1.755289681621430e-04
-8.593346778452994e-02
8.319147912266227e-01
-1.112063170436723e-01
7.014050889616051e-03
3.147891945285197e-02
3.901356531726783e-01
8.340512127147270e-02
-1.993548040510060e-02
2.511312905347886e-02
4.302361427916215e-02
1.865743640829472e-03
-4.800153190287500e-02
-5.191785893958166e-02
-2.529627807549730e-01
1.441664383389668e+00
6.941971298736102e-02
4.125860974774667e-03
4.924753172717727e-02
-8.955019496226043e-04
-6.282092340189302e-02
4.870007802824139e-01
-2.640041728399522e-03
5.741759679808587e-02
1.180275782383215e-01
9.480650947640823e-02
-2.297270336813505e-01
2.360343935282854e-04
-6.822827565613356e-02
-1.369978360699628e-02
-7.855173605463142e-01
3.195623728892558e-01
-8.001252040508622e-04
1.271937277339300e-01
-8.240968627730971e-01
-7.370042251739972e-02
7.444769457825485e-03
-5.791440254991682e-02
-1.186019679110011e-02
5.757915039506871e-02
-1.529880731850033e-01
8.634862169562076e-01
-8.247805298177573e-01
4.442786411765712e-01
6.437948465740112e-01
-2.770961595418606e-04
-3.642358557648934e-01
7.439290903421840e-02
4.982396373312480e-01
1.718798326390113e-03
6.447995844249883e-01
-2.724804957967807e-03
-4.569289383913241e-02
2.266527815275451e-01
-2.196027566894718e-01
-1.290733226377636e-02
-1.277236633232704e+00
7.773317393109420e-04
-7.997834715675758e-01
-2.660163702044635e-02
-1.177195826569180e+00
-1.092742597704497e-02
-4.005163814795057e-01
1.509569520515518e+00
-5.260926486056932e-01
8.629011400386060e-03
6.315738773781919e-02
-5.960600049004335e-02
2.644975418239716e-01
-6.249122356281940e-01
7.167271291291043e-03
3.626873922481371e-01
3.118078005948721e+00
1.761359890268355e-01
1.428545537917629e-01
-3.933294544792991e-02
-1.676533107788885e-01
-1.821295405479406e+00
-7.645408808486865e-03
3.391533821407657e+00
-3.449970037632389e-03
8.965492911851163e-01
-7.765432336629398e-03
8.380335444451287e-02
9.596022796459382e-02
1.429561731399416e-01
7.834498747212232e-03
3.835225248147079e-01
8.866368372376401e-02
-4.423205039226355e-02
8.029927516824390e-01
1.050277258594340e+00
2.148411797110674e+00
6.845717836216660e-02
3.735610805749277e-02
-1.054832520620902e-02
2.068404728202453e-01
6.589506093024430e-02
6.944965893009765e-03
2.863896823742236e-01
3.536162087303477e-01
-9.216599230457924e-03
6.020830155013150e-02
1.896923041487297e-02
2.365819285434275e-01
-6.033957281710996e-02
-8.343721055387637e-01
2.063436862800374e-02
1.187145888474305e+00
1.404906196648569e-04
-1.122596138096958e-01
-3.103189438714648e-03
8.344848800321941e-01
-7.448126303906667e-01
2.582118955215289e-02
-1.133729056141939e+00
1.843424409557661e-02
-5.893523587838801e-05
-1.317283838714194e-02
7.614055564997300e-02
-2.475766464415833e-02
1.873828407780688e-02
-1.145812742660622e-01
-3.976434797891342e-02
9.844065594417276e-01
2.992613012124488e-03
-9.324662518071317e-01
-7.937141165777475e-01
-7.866456061464487e-02
-1.102251032730195e-02
7.410883956791839e-01
-1.341606933849794e-01
5.583538503554307e-04
5.026697300493585e-03
-2.056848269553648e-01
1.832094938315686e-01
1.661360264709796e-01
-3.036733593152951e-04
3.753273758364414e-03
-1.378119046026466e-02
-1.501480622548117e-01
-3.173827083411394e-02
2.085303128450568e-01
8.709626571977562e-03
4.535264252554930e-02
3.086078110245728e+00
1.200294593469130e-01
9.499022044878735e-03
-8.527737217161839e-01
-5.221098654209010e-01
8.107931305202504e-01
3.364224581157095e-02
-9.257914278870884e-03
-4.859142077874861e-01
-4.221986232134506e-01
