-1.256364893220614e+02   
7.825571010941376e+01
-1.212207326097032e+02
-4.698544553075398e+00
2.133306893397242e+02
-1.331228905754700e+00
6.554894601669560e+01
4.019189528400288e+01
-4.769086069601133e+01
4.731075980227872e+02
5.125382202332008e+01
2.583104767317738e+01
1.419544658760825e+00
-1.096171210991296e+01
2.529582893295387e+01
3.950539253352744e+00
-2.975673117209432e+01
-6.236774500071257e+01
1.198731870885780e+02
-9.260084743448385e+01
2.735295067764972e+02
-1.491154374388981e+02
-6.324165921207803e+01
8.634098521661353e+01
7.400876128159185e+00
-2.339465396063396e+00
-1.775192496484236e-01
6.094859865902795e-01
7.588045284594838e-02
2.927264200228631e+01
-7.436608181615448e+00
-6.921676364907692e+01
-2.550857767640597e+00
2.461640886425354e+00
1.801247526952896e+01
7.437406910007094e+01
1.879264350409334e+00
4.319701092567005e-01
8.009790516614681e-01
5.766324930415176e+01
3.773274499539325e+01
-6.123679841817945e+01
-1.819035680228996e+00
9.290190779234774e+00
2.254078080290479e+00
1.781869902296383e+02
2.004145814291263e+01
-2.661483788641074e-01
-3.441370119380706e+00
-2.860331653902013e+01
-1.745238953281044e-01
4.045775964363027e-02
-8.966833168290231e-01
5.897290858178250e-02
1.837766635289149e-01
-8.605650024029091e-01
4.655076405227394e+01
6.523441564465235e+00
-3.127370634387852e+01
-1.254433403609818e+00
1.673755444257826e+01
-3.620519658609815e+01
2.369214837322167e+00
-1.626577580162264e+00
7.686760791041593e+01
-5.849851771232956e-01
-2.308228563165672e+01
-9.231066992548273e-02
9.619492819593937e+01
7.645925488987337e+00
3.380250467056959e+00
-7.255746915617563e+01
5.294278934047490e+00
6.074975551407023e-01
-5.391484626480676e-02
-2.310524702114470e+00
1.175842744983363e+00
-2.046491014131956e-01
-3.954381850679417e-01
-5.579591356201903e+00
5.795973005694007e+01
2.006021140888132e+01
2.311646185756392e+01
7.589887361717972e-02
1.479920272618475e-01
-9.249727677821785e+01
3.535514024454713e-01
2.424769519494951e+01
-2.301405526389782e+02
-6.405553754122821e+00
8.537536280982703e+00
6.089964955175387e-02
-1.561795654054937e+01
-6.359356538821840e-01
1.684822343347233e+02
-1.727380776785579e-01
8.691731423223149e-02
1.472985244255233e-01
7.577962769183270e-01
3.240640187256010e-01
5.212179228995599e+01
-6.070941464340941e+01
-1.751200852464641e-01
4.346823123299251e+00
3.652818984313989e+01
4.553938818801506e+00
-2.752595819610898e+01
-1.079305458973076e+02
-4.554601052515568e+00
3.623893396022880e-02
1.391445165658378e+02
1.731050361239450e-01
-6.016913662891742e-01
1.459731478522914e+01
9.064790060578833e-01
-6.559534944904514e+00
2.654533349091323e+00
8.808611541060399e+01
-2.984341257210240e-01
6.549518087035733e+00
-2.405389871809724e+00
-5.291260659662719e+01
-9.197315346425655e-01
8.108302596013252e-02
-3.071795054872605e+01
-1.306778402496526e+00
2.212644591434443e+01
7.287141462911066e+01
-1.562159764130207e+01
-8.336139435069495e+01
-9.708916268210341e+01
6.719120091343890e-01
-1.065266849451635e+02
-8.465104617134234e+01
-4.742006025817177e-03
6.313572520205436e+00
-5.195150330397245e-01
-3.091366425883752e-02
-1.779737602266346e+00
-4.361847804789737e-03
-4.103557695642110e-03
1.105964205337462e-02
5.718058518512345e+00
1.341856176652418e-04
-2.638990647538431e-02
2.833815390396223e-03
1.705808793315777e+02
-1.116749919384585e-02
-2.723018967490031e-01
-1.303978952070177e-02
1.744583149568892e+00
9.860000410862609e-02
1.838804788187354e-02
-1.554202032643267e+00
4.579266054175052e-03
-1.479296595496160e-02
1.204653333958740e-01
8.297019291863746e-05
6.546284157160184e-01
-6.523119594680132e+01
-3.326719092048007e-03
-2.171749999823098e-01
-1.852285515937171e+00
7.595879373003636e-02
-6.341187357209189e-01
-3.070021953590945e-02
-1.993809333001312e+01
-4.604485826586491e-02
-3.078002669035546e+01
-2.527100535505220e-04
1.063785584300751e+00
-1.335348736707119e-02
1.255819105192833e+00
1.053775980904921e+00
-4.095768811930207e-01
-4.579009874089677e-02
-3.963545779293474e-03
3.452375663982061e-01
-4.651363693477305e-02
5.681664430842864e-01
-2.985710953164482e-02
3.389893738028428e-03
-4.782297991965075e-01
3.656504452848439e-01
5.409046837097021e-01
-1.006971438390127e+02
3.612549468018836e-03
1.349171968234352e-01
5.097253448335263e-03
7.262674177642770e-03
1.400367273897257e+00
7.065240703022968e-02
2.155833257782709e-01
-7.190765613010955e-03
6.948007329274546e+00
-6.119404454189366e-03
4.242348574584543e-02
3.756190891772613e-03
-3.583747852902285e+00
1.119621601966758e-03
-1.429260583206050e-03
9.432222495014198e-04
4.226664138159762e-02
7.896968322153279e-01
4.668631234756073e-04
-1.871011305466836e+02
1.581180558606527e-02
7.262804297828537e-02
3.694478325782449e-02
-1.008166497790720e+01
-1.079855178943384e-03
-6.675796080013989e-01
-1.076560783881500e-01
-7.048193748297258e-04
1.871672139697078e-03
-5.285138227106700e+00
-9.964101345406311e-03
-1.809240367854695e+01
6.226924038756548e-01
-1.351563421792391e-01
8.501180002817589e-02
-3.853937056264913e+01
9.582865921138493e-03
-1.460436871697661e+00
7.905472781233519e-03
5.185520754752797e+00
-3.208224134657153e+01
2.653924367771614e+00
-2.254728798046651e-01
-4.247165930742987e-03
-1.162998217712215e-02
4.738095928387177e-03
-4.866706954054114e-02
3.875612405302823e-03
-6.149044015550337e-04
-2.774510489302503e-03
-9.321422730588302e-04
1.358218583403424e+00
9.860109659146767e+00
1.086128864839283e-04
-3.929031938308548e-06
-3.856212127048051e-01
6.264954524183269e+00
9.014413339881513e-02
-7.176141248004141e-03
3.252791646034204e+01
-3.544141071525864e-02
-7.313998992151460e-02
-4.583199813475351e-02
-3.291749886886418e-01
1.805294299683577e-01
-7.107348905030489e-01
2.668564298947111e-03
-1.078262707721266e-03
-1.778802535603118e-02
-2.378900521820480e-04
-3.306476941671226e+02
-9.267894904924033e-01
-1.181531820890595e+00
3.410963846438615e-02
9.672220493810592e+00
-7.490543331371665e-03
2.691918049028492e-02
4.858472870833286e-01
7.694192814870273e-01
3.013225214789259e-01
1.956767707815259e+01
1.567977105840609e-03
-1.750679832175081e+00
-2.819704052391469e-02
6.409093520478347e-04
3.365892834633492e-01
-1.586168681926854e-01
8.152093071044486e-06
1.218388623447734e+01
-2.462028259357703e-01
-2.255252531088787e-02
-3.393966598524093e-01
5.906566903515311e+00
3.441329666469547e+01
8.815370875757601e-01
-8.730658384235601e-05
2.691993018078130e-02
-3.072507417949459e-01
-3.529566732247996e+00
3.219954970995789e-01
2.546642747322146e-02
4.231676769519149e-01
-1.746504398805455e+01
2.090192089654578e-01
-1.104705792710995e+01
2.128459852333928e-05
-4.555904175956331e-03
-6.546041917865451e-02
-8.783086158057170e-03
4.698841108200493e-01
-1.703504604885230e+01
-1.029531372628009e+00
1.062763656016649e-02
5.171529955309358e-07
-3.127554596246004e+00
-1.197230655023777e+02
1.760545998011461e+01
-3.059019430959615e-01
3.939926958912719e+01
-4.968785090433258e-02
3.470284412674295e-02
4.620917906503931e-04
-2.907108031955182e-01
5.704176485615419e-01
2.237573378981846e-02
1.954791057598918e-01
-1.946042806346093e-01
-5.901666338230815e-01
6.840687398688410e-03
-7.753191905079311e-02
-6.262468107213448e-03
-7.455191547932191e-02
1.481251055072867e-01
2.631019267234305e-01
9.533041164418218e-03
-1.616175383515964e+00
-4.075571908768711e-03
-7.338365576887486e-01
7.754812561339605e-04
1.216270742139079e-03
-4.300161643892678e-02
5.533334798774841e+00
2.327943550290871e+00
-1.200255663786710e+00
9.714524229842583e-02
1.140453160875613e-01
6.371171159078509e-03
-1.985440333276229e-03
4.637571143260841e+01
5.104560189000940e+00
-2.313512068146355e-01
-8.882435593839256e+00
1.757178183600700e-03
-6.750587588374941e-02
1.333823645792785e-01
4.892300871146564e-02
1.692049966426904e+00
4.139841515661647e+00
5.314916344210192e-02
3.325427747170907e-02
8.068052215095463e-02
-1.859014566767937e+00
-1.911373994695780e+00
-9.261359232009891e-05
-1.019671734510733e-01
-5.570665647798426e+00
-1.326466412204608e+01
-4.541766727171238e+01
1.999057250177711e-01
1.273779435213504e+00
-1.837753113513183e-01
1.739722985256439e-03
-4.150196089268515e-02
-7.241494690227839e-01
-5.386619672650815e+00
1.296780139190690e+01
-1.585426787771199e+00
-4.396780197801972e-02
-7.867082720966713e-04
5.047221719844311e-06
1.599438630368365e-02
-6.534991375554192e-02
1.407500375091684e-02
-2.164078574169609e-01
-2.253287309915027e-01
-3.357575880065660e-01
-6.090666717245582e-04
-3.312458804196777e+01
-4.119146600465237e-03
-2.991783497839956e+01
-1.676998875406904e+00
-1.621715096520254e-01
-2.118053995569906e-04
2.613605340698256e-05
-1.778076074377817e-01
-4.680760803664656e-01
-1.483786617886071e-01
1.796896918119698e-01
4.244611382464124e-01
1.208841719940187e-01
-5.900967384141895e-01
-1.223114464539241e-01
-9.712409112829372e-04
-4.664113435872778e-04
-1.064479111129750e-02
7.533087913296798e-03
-1.493279938591722e-01
3.438508679408492e-03
-1.744935016804703e-04
-2.036717073681208e-03
-4.836183639678296e-02
-8.409802641732149e-03
1.085895280008604e+02
7.393347216488762e-02
2.434728585956825e-03
-1.748153727765524e-02
-1.746072048487633e+00
-2.110515471646680e-03
6.503736874090251e+01
4.371873399392260e+00
-1.266973816433546e-02
3.669544486530825e+00
5.293027705166121e-02
1.115738977986312e+00
1.677518804335094e+00
-1.017714307289382e-01
-2.008073082441157e-03
-2.621338895005019e+02
6.585942827763281e-01
1.613483733588740e-02
1.839964988337550e+00
-8.862689812440093e+00
-4.499532997365464e-01
6.048671287988121e-01
-1.819709535105242e-01
-1.953794807512503e-03
3.552937849148100e-03
-8.723778506984954e-01
5.075194816678727e-04
2.089320513143513e-02
-7.711074593594031e-02
-1.988630067331699e+00
-6.857173832855272e-03
-1.432993936489821e-03
2.300698471760828e+00
1.364518242158942e-02
9.108998580375294e-04
1.148009441892272e-02
4.738949195141033e-01
2.117491325355414e-01
-5.454628538954960e-04
-2.156617845898691e-04
1.019043351667750e+01
1.021432116455137e-02
-6.220518445580449e-01
8.695777237092294e-01
-2.096422159197057e-03
5.697005772768813e-01
1.029975175756803e+01
-1.929856298032493e-02
-5.321274126608113e+01
1.623018921087150e-01
5.413925458906938e-03
4.724807611733247e-03
-1.933243087670308e-02
-3.797762599583533e+01
7.099906871900485e-03
8.780101844134415e-02
4.850831452211151e+00
1.443020294321265e-04
-1.870173495104082e+00
-2.475522902830046e-01
1.335284598546078e-02
3.352891392533563e-03
-2.233522320014764e-03
3.347973320005287e-01
8.726622239828666e+01
-4.685621556354418e-02
-6.566603714297213e-03
1.172382769985007e-02
2.344757918830530e+02
2.020889130010536e+01
-1.836302447626082e-02
-1.030339988003958e+00
-3.357552354946385e-02
9.246857831738630e+00
9.411432714626404e-03
2.021255918603334e+00
1.170179706869854e-03
4.174642132757238e+00
-9.889071819446106e-03
2.791256562628892e-03
3.686828710016268e-03
4.251230345835117e-03
-1.336217014279178e-02
1.042564741961435e+02
-2.089720759048830e-04
5.470485519588648e-02
-4.725210503822134e-03
-7.652037689362214e-01
5.462397232086125e-02
-2.259482851431245e-04
-1.972256021302434e-01
7.810507306123556e+00
4.397471877453306e-04
-2.939279509254344e+01
-2.118640787046995e+02
-7.231900086405387e-03
-1.372919015644448e+00
-1.571885969794673e+01
1.124068192031752e-02
-1.084919019597407e-02
3.735559547258866e-01
-6.129598467629950e+00
1.280042055915091e+00
-7.693055654164014e-03
9.995628423048637e-04
1.184216487198842e-03
-8.347682207515899e+01
-1.629273450885896e-03
-1.581141258852435e-02
4.891349634968793e+01
-2.399970345874118e-04
-9.735840801592358e-02
-8.269184436115379e-02
7.338710822679332e-03
9.769607085355955e-04
-1.137677315863802e+00
-4.266544079186255e-01
-1.355914983978032e+01
-2.181997261434829e-04
1.354622262676426e-04
1.206622485185360e-03
7.297115796405949e-05
4.695648102978256e-04
-4.193460716008401e-03
-1.010081364566660e+00
-1.764018330929779e+01
5.188042809644615e+01
-6.113539838639694e-03
-2.493345665074176e-02
3.570781233892478e+02
1.691093538025917e-01
-7.570412347725944e+00
1.431897171528886e-01
3.334165682715590e+00
-7.376216687337899e+00
1.612256127795768e-02
1.392496577014101e+02
-8.194705403914923e-02
1.633362835626393e-01
1.141144159212392e-01
-8.017490711990760e+00
-1.584006205711575e-01
-3.175425079820288e-02
-4.685049051554773e+00
1.171570402011798e-01
-6.805761659916316e-05
7.419465961156212e+01
1.086674219317843e-02
1.926514383944195e-03
6.806995481712204e-02
4.382875391201783e-02
1.261742154999835e+00
-9.181168420262332e-04
2.991172259977913e-03
-1.143157442756653e+00
1.398900225115824e+02
-1.151021994134654e+00
1.019373478214366e+00
-4.613086582975244e+00
1.406480113416657e+00
-9.150080715256586e+00
-9.070559114158123e-02
-1.338725034763772e-02
1.861785110449076e-01
1.215454730417365e+00
-1.359192276780684e-01
-3.579787512671300e+01
8.309884240602690e-02
6.706858168445792e-04
-4.046307324445025e+00
4.520648636678704e-01
-1.788633967740348e+00
3.928676998616785e-01
1.260990155542013e-02
-4.219293675377010e-02
3.222032989128045e-01
-3.090155795158147e+01
-5.778194908248465e-03
3.837721315357003e-05
7.437854249638521e-01
4.312548866028568e-03
4.180802500548063e+00
5.873661877120137e+01
-5.781267799032585e+02
1.783657944732657e+01
2.558919276800295e+01
1.183441222439777e-04
1.763486626927905e-01
1.168502739792007e+02
4.234169732237446e-04
-1.789532372525851e-02
-1.518243365981507e+01
-8.365569363286225e+00
-5.376266441253713e-01
2.750040362403863e+00
1.244616264241989e+00
-3.550975130722842e-03
3.088720621163556e+00
-3.115226268759876e+02
-1.017219549475075e-02
-1.117944138747563e-06
4.709429954923563e-04
1.321866767000708e-04
-3.404317913766599e-05
-7.812322321961248e-05
9.991090027823390e-04
2.376629436041658e-05
6.518187487243715e-07
9.514221837168100e-04
2.193918010560373e-04
6.542914288713210e-03
1.646212333619169e-03
-1.372849895581884e-05
-5.817741881688166e-03
-1.949294346583092e+00
-1.998110669314631e-07
-5.239911365735763e-05
1.792334611707515e-04
1.129745215242258e-02
-5.906213844468688e-03
-7.600120889535676e-01
5.704763544057475e-05
-5.727552625369961e-05
1.746339611413343e-03
6.564355709606004e-04
3.805880845035246e-03
5.167736267484224e-04
9.826317276315655e-06
1.234594250082347e-01
1.537068424472831e-04
3.654090316706990e-01
6.662247746209513e-03
3.355888962465515e-04
4.927262172788448e+00
-9.417516178433359e-01
8.377092470136356e-04
2.286362335855625e-03
-5.218089379086136e-07
-8.581165654231275e-03
2.615579381739920e-02
1.111034657625664e-03
-5.192835808716117e-04
-1.832010245387862e-04
6.070313506376990e-06
7.953281735710416e-03
1.711596999338402e-02
-4.237990243581836e-02
1.509047111411263e-03
-1.145374983746657e-03
7.887464543124688e-05
-3.248640022150076e+01
3.818049281364589e-04
1.848406637826808e+02
7.795229794647257e-01
2.378365875262576e-04
4.891172758300109e-03
-1.033113391549576e-01
1.655355630934111e+01
1.258053265564564e-02
-5.213383294821359e-02
3.756175370191397e-04
-1.712413368830993e-01
-2.141597654303244e+00
1.352295940063064e+01
-1.062829567667993e-02
-4.637566642891019e-05
-8.016751113687938e-03
-1.507625648716747e-02
1.285000244585207e-01
-1.801408365812207e-04
-2.274912081710549e+01
-2.266122121512256e-05
3.520813401718784e-02
4.455475285605696e-02
-8.351742765461772e-01
-1.352381623981725e-02
-1.217299292072271e-07
8.763843071962524e-05
1.603335767298540e+00
-4.855229985161094e+00
-1.464357358830697e-02
1.113544325432684e-04
-2.024686807677122e-03
5.145372753259982e-05
-1.597886696331646e-01
4.565462054982948e-04
-1.857027604224474e-01
-2.418772179973787e-03
-3.741332893138740e-06
-1.597409128383077e-01
-1.199814550944180e-04
-9.183768653290037e-06
3.566489216006828e-04
-3.258605624363556e-05
-2.849752356994115e-03
-2.620809138047195e-01
-2.875750629840591e-03
-3.777231584664598e-04
-1.327569730204342e-01
1.509398861953351e-05
-2.352435365768120e-03
-1.391191239313227e-05
-1.244838864301719e-03
-3.560643740898514e-03
2.476604042386389e-05
-7.286081150802386e-05
-3.274705656679193e-01
-1.554190746940064e-05
-3.867684384412727e-06
-1.622425896335095e-04
1.253774865282582e-03
-9.830041012962177e-07
-1.908198108671761e+01
7.075004570600876e-02
5.357763041811750e-03
1.064451638278640e-06
-6.142642867869984e-06
1.978190303957128e-05
2.088280241467483e-05
-9.832903737843169e-05
6.375389695368864e-03
-6.243124231766263e-07
1.911552059404968e-01
1.234263002208120e-04
-4.471117754233239e-07
-5.682845432266401e-05
-1.111111677610547e-04
2.709830361530665e-05
1.019051538969072e-04
1.031836309310519e-02
4.425696171033434e-03
5.033995382342911e-02
-2.475097936983582e-02
1.095163280350131e-04
-2.403736601264206e-06
-1.206062598034629e-04
1.858588211704842e-06
-1.263488430978591e-05
6.196363189236745e+00
1.097721577791290e-02
-4.494268593383731e-07
2.381814926921304e-02
-4.405839657497836e-02
-1.601891647529753e+01
1.032263142455976e-05
1.102803047428087e-04
3.029113340297236e-02
3.511750002723261e-05
-4.180943366741195e-01
-1.400638257468943e-02
-4.539835955714008e-06
1.662103276760509e-05
6.423358714218888e-06
3.901603947721072e-05
-4.467366301134211e-03
-2.130653814728852e-04
1.452660384726131e-05
5.352201480162201e-02
4.156072907053938e-03
2.460929448924552e-01
2.617189569360869e-06
-3.930379640980665e-04
3.801813784287329e-02
2.197973891806524e-04
2.054010124046923e-02
2.612578579821537e-03
1.585358648440739e-03
2.097060686728691e-03
-5.284738417789958e-06
-6.510679328473036e-01
-4.575553904020992e-03
6.733009941116684e-07
-2.845915695018719e-02
-5.787117185187800e-05
-2.382150682490337e-05
-1.563013024803659e-02
1.371727781094916e-04
9.738258911353833e-07
-9.365808973423310e-04
-2.213616951850863e-02
-1.982383766368354e-01
2.946971972017975e-06
1.755513494146908e-03
1.421824225585481e-01
-1.068876818326801e-03
-1.093451840428037e-03
4.334624253857476e-04
2.461258616720248e-04
-5.418927886953097e-04
6.995936342583964e-03
-1.880993465756354e-03
3.370257059297748e-04
-2.581258892316032e+01
-3.354987171919398e-04
-1.088010983123068e+00
6.550400189007349e-02
-5.528660715130193e-02
4.415311603808294e-04
-8.650594922407160e-06
5.391301732225824e+01
-1.087458208924041e-04
5.738634963954511e-05
-2.929723942353808e-03
1.483462651680864e-04
1.721506861454468e+00
-2.301679122541127e-02
1.509140501991501e-03
1.166371128238509e-01
-2.359453896286831e-02
7.838212246185043e-03
-5.575721793621744e-06
1.193262445158444e-05
3.292178627030889e-04
9.138131140632805e-05
-1.992651134053955e-03
-1.868157171785667e-04
-6.529538850603842e-05
-1.986351618767471e-03
-5.972148066038643e-05
1.189581119669519e-05
-6.826426151871338e-02
-7.330292853489937e-01
1.711037188336929e+00
-4.859212883577217e-04
3.819667015772055e-04
-3.777010060244951e-04
-1.715193435615687e+00
1.307621722602689e-03
-6.213785840865842e-01
-1.744240536286909e-03
-2.192735940836296e-03
-7.198914256029846e+01
-1.611391771388860e-03
7.103380915017562e-04
-6.208041547257888e+00
-5.518997023700072e-01
2.287702037101600e-04
1.347794107248983e-04
-4.404777263606195e-04
2.029135926185192e-03
7.498280034864086e-03
9.820387785260999e-07
2.849818103003323e-04
3.099483197003875e+00
-6.468541172904623e-06
-5.207527046095217e-03
-8.582424099976159e+00
-8.527153955339928e-05
-1.093377230941425e-05
3.352955535268009e-01
-2.666034127661130e-04
-3.454266041192211e-04
1.513198684595602e-02
-4.806890264765818e+00
8.355857268003071e-03
-2.661808183582837e-01
1.098375887774324e-05
7.670085599683220e-06
1.595812398268526e-05
-5.113725691547297e-04
1.862706610383326e-04
3.490715703803207e-01
4.722053143013807e-03
1.861765206940011e-03
2.158010574745840e-02
-3.828288778069063e-06
-3.627869045248861e-03
1.850858094404893e+00
4.196449331502369e-03
5.056050881426967e-01
-2.995432545222369e-05
1.498804811252067e-06
-4.330524879136445e-01
4.718522939003751e-02
6.198033491702570e-03
-4.254746674743368e-03
3.358385231909898e-05
8.423786906804295e-01
2.112611422998655e-04
4.689492239986211e+00
-1.652134553662064e-03
4.167250774713254e-05
-3.978353221663435e-04
-3.878566303620634e-04
-1.413745118389945e-02
2.203645781148901e-06
-7.779581904193070e-04
-2.446153541543077e-04
8.620108523457443e-05
6.532553820697386e+02
-9.348319930133473e-06
-4.218814756367814e-01
-2.405659757690622e-02
1.144319498398572e-02
8.696210859673921e-04
1.061333607388537e-07
-8.470508490622707e-07
1.954487558052993e-04
2.126194365539510e-06
2.311699725417014e-06
1.718666948588574e-01
-6.040641996306253e-02
-7.004511243102034e-05
9.406154523711466e-06
3.559666009045199e-04
-5.869770463435762e-03
4.872812587552970e-06
-4.525223241575102e-03
3.640109836677093e-06
1.806536693615026e-02
-1.119027278667618e-03
-3.735441333347568e-02
1.004016335039479e-05
-9.720649540269251e-03
8.556601071685707e+00
-3.974604733464270e-02
-1.529741375566913e-03
-2.509151815238400e-01
1.090321705225998e-01
1.012250926754367e-05
-3.041313513542680e-03
3.600941930182455e-06
-1.186747940434541e-06
-8.964921080146508e-03
2.511016287220499e-02
5.228666507849301e-02
5.383686842784231e-05
-1.638431783500629e-05
-1.746562996728706e-01
-5.352842782183749e-03
-1.627592986474740e-05
-5.490322257643795e-04
1.739844924431258e-04
2.597053670028783e-06
4.230837021483713e-06
-2.013197533139359e+00
1.801300776783033e+00
-5.806122056946080e-04
-9.674747209289185e-02
1.615328708486647e-04
-1.276920918239915e-05
-1.815048956500511e-01
-2.002165876344326e-05
-4.165222764429771e-04
1.123433108649354e-07
1.037739387760613e-02
3.274409334997809e-04
4.440224028692188e-04
-1.559833643086323e-02
4.081922267588921e-02
-2.163838189840310e-02
5.299929294896261e-04
3.515723547442715e-03
9.098348108879936e-06
1.844048519047179e-02
7.856978633130916e-04
-4.750913213262039e-01
-8.257744024198772e-07
7.953895609279966e-07
8.101346578270720e-03
9.330524589862600e-02
8.004962233086353e-04
3.861984768277195e-02
1.459603521057751e-02
1.190474463133268e-05
8.100477332390375e-02
-7.457084853321380e-05
-4.860770170882507e-01
4.824976321757459e-05
-5.972092391910551e-07
-2.237142254722203e-06
2.980807481328621e-02
5.727190932869400e-02
-8.480740485681740e-02
-6.225919346028065e-03
1.156889943538800e+01
-5.594241237046714e-01
-1.386304536875075e-04
-1.733095571494145e-05
-3.127946320874081e-03
5.030594255025536e-04
1.019483479330164e-03
-4.616591273572834e-02
3.853915385884242e-01
1.082575014626894e-04
-2.369580909761907e-02
8.475674885312800e-03
-1.867519215452455e-05
8.356323410816478e-02
1.610153816491020e-06
-2.097522401286937e-03
-4.165014631216361e-05
-1.723433399967582e-01
5.292610897500202e-01
1.788577851840469e+00
1.544336998300564e-04
-5.263727389971908e-04
-1.508467168017184e-02
-1.644659133010108e-05
-3.712259376497145e-02
1.167398611481172e-02
-4.341141968187632e-06
4.104565691223060e-05
-7.781488155404040e-03
1.647678167967251e-05
-3.733936305655116e-06
1.495845012067149e-07
-1.003726133057076e-04
-4.728724940641878e-03
-8.145289782168659e+00
-5.736039740519105e-03
-5.233557914932168e-03
1.172169131227566e+00
1.604354408424168e-01
8.945832898938529e-03
2.466964607989431e-04
-7.450125436742904e-03
-1.584954780988883e-03
-3.206052139034182e-01
1.004981278590806e-05
-3.280139388622042e-05
1.745003698634257e+00
-1.163980136839134e+02
2.349093019295324e-06
-4.166312353348163e-04
-7.544994176503909e+00
1.789330161632013e-05
3.349287521407492e-03
1.113876248064420e-05
1.540513286595847e-03
3.720102185152391e-05
1.487875274882847e-01
-1.075758890878874e-04
-4.140339797219451e+00
2.753510394871897e-04
-1.177513179118671e-07
2.037093928950602e-03
-1.056988995205779e-02
-2.942918216689563e-02
2.938524862054885e-03
3.183395302655709e-02
1.224522728868781e-02
-5.010959819443511e-01
1.247630474337688e-03
-2.239844068861554e-02
6.272746976885690e-04
-1.830595350781406e-05
-1.084247299602328e-04
-3.169694824167729e-05
1.287937374052239e-04
-6.139753764908147e-06
-3.365624806266445e-01
2.412988108886644e-04
1.013754828318905e-01
-1.114583666025700e-05
-8.356368840523745e-02
-4.418983832406703e-04
-1.411314561284052e+00
-4.556786437411513e-07
-3.569028658800554e-01
-1.635191756083352e-02
-3.475704862491131e-04
7.974487959652263e-03
-9.121043434982647e-06
-2.030779910285339e-05
-2.821386051407980e-06
-3.808704438356887e-05
4.328020833017014e-04
-3.084732013277303e-06
-1.254359665016328e-01
1.087323979454613e-06
2.475233544534671e-03
2.411606346915512e-01
1.511466099256784e-04
-2.037662963802269e-04
3.665524722268177e-05
-8.929233715187236e-03
3.316424621208496e-07
7.957928770689767e-03
-6.392504253777053e-03
-4.729849929740418e+00
1.735338683564463e-04
3.793643679890814e-04
-9.389194856480451e-01
3.281875806244921e-02
2.423916752002649e-04
8.514559835202854e-03
5.126597007287807e-06
6.137952545167831e-02
7.666283095065572e-06
-2.157863793779689e-04
-1.272023923077917e-03
-2.044352203103633e-04
-7.594400854529815e-07
1.752437255483392e-04
2.856971217022769e-04
3.149590247504433e-02
4.955292792591867e-02
2.147410579337624e-04
2.967538495757998e-04
9.805031497096703e-03
-5.838883321055675e-01
1.118083057146208e-07
-1.326742885074113e+00
-1.115774665309176e-03
-2.865786430829924e-01
-2.279245273459389e-06
-5.788695407547142e+01
5.133170915964205e-02
2.331477549448364e-01
-1.039599186491200e-04
9.710618402157813e-03
-5.516438947630781e-04
5.849842862903092e-05
-5.389643868174958e-06
-3.814088013479737e-03
-1.802519083651948e-02
-4.171334061187704e-05
-3.169960806240826e-03
1.150408372626084e-06
4.398481602517065e-03
2.205638058721204e-06
2.768681532115278e-03
8.127517193932149e-01
6.516038116793285e-01
-3.883263497883483e-02
-1.348890187448618e-04
-4.709409650716240e-02
9.396353084222228e-04
-2.820708741708082e-03
-4.147101376590399e-01
1.044308941554617e-03
2.958040898014008e-04
8.018540761558254e+00
9.781513243675283e-04
5.587614072389268e-03
-3.112343350335070e-05
5.781120767342787e-03
2.997595593585173e-06
-4.858191521381596e-05
7.880361154260301e-02
1.792043010977952e-04
-6.351755230964040e-01
4.658685485767583e-02
-1.671279985530223e-01
6.094836466994926e-06
4.969103781844492e-02
-2.660735894823734e-01
-4.148486865608023e-03
-3.688405771246880e-05
-5.397154023364150e-02
7.493632145819107e-01
8.223975548210118e-06
1.454475448651000e-01
1.641776349311589e-06
8.027596978893482e-04
2.629757434988245e-02
4.825853110696307e-06
1.507909477876870e+00
-1.886812621436454e-04
-4.219080702975932e-06
-2.008118347397279e-06
-1.440097974023523e-02
2.188892756793934e-01
-1.100214430283960e-05
8.401222535501514e-06
7.632582778402576e-03
-6.482054235312203e-05
-1.690177086682670e-05
3.741345418462359e-06
1.622295036563018e+01
-1.173091687974742e-01
2.070996654635659e-05
3.524779130930158e-01
-8.269808670289929e-04
-4.982689471746394e-03
5.730834329228769e-01
7.705866563140067e-05
-8.487643964922348e-06
6.190066484373120e-07
5.536550650853827e-05
-2.644196261616035e-03
6.029719902225790e-02
1.052005598849961e-01
1.272221787054333e-02
1.563662470115871e-04
-7.773668561000262e-03
-5.623687651627202e-07
-1.763303147350692e-04
6.609664804481481e-03
-4.079306280521695e-05
-3.240975371072482e-07
5.626320053600364e-07
-3.553346929232952e-06
-2.172609749982124e-03
-2.534796004623210e-01
2.906373501660339e-02
-5.143980549942634e-04
-7.519462955346024e-07
7.764734467432290e-03
-2.367157885367150e-04
1.345931008178234e-01
-2.721913034625616e-07
-5.786509767503360e-03
3.594592738660237e-02
1.573346339837384e-04
-3.555382335405296e-05
-2.549741686359929e-03
-2.846424069767295e-04
3.938357849633398e-04
-3.665898958370724e-03
-5.548285125904176e-04
3.682399479182036e-08
7.985312148661347e-02
-2.801889368759175e-01
-1.095183794683671e-06
3.020702449864157e-04
6.405746515324284e-03
-6.102195639484321e-04
-3.287241991121451e-01
2.416007448104664e-02
8.034715087487237e+00
-2.034737891405690e-05
8.722347462026769e-02
-1.293945385440644e+00
-1.884920838425459e-03
5.526709411625205e-03
-3.985622874342373e-01
3.388935254851341e+00
7.690613875318999e-04
-8.779042052736892e-05
-5.963960945337374e-05
8.442087628692071e-04
1.465281743997950e-02
-6.716431681478286e-06
-1.375174656584814e-02
-4.338046045778662e-01
-7.950872328799691e-08
-1.329819149185689e-05
8.601878794273968e-02
-6.384819483490508e-04
-1.776213825487813e+01
4.194416002892909e-06
4.146115805621378e-06
-3.366265598576548e-04
-3.240880179805213e-03
-1.027070947711629e-04
-2.571895537878057e-05
-1.177590381170476e+00
2.096686795453704e-03
3.047123815134424e-03
-3.396077217470485e-04
-1.255723655465934e-02
-3.723643319527494e-04
-9.706695094210631e-06
5.327489256734413e-05
3.755564419166382e-05
-3.470542150090588e-02
-5.447772220460802e-06
4.329678164887973e-05
-2.986484173620605e-02
-2.767955574080491e-03
8.092284759848596e+00
4.213042589475065e-04
-4.123512884937126e-04
-7.891041042315546e-05
-4.560601958631908e-05
-1.315201717878945e-03
1.220825221996661e-04
-4.009047546818513e-02
-1.023367878878176e-04
-1.012752993413735e-02
-7.419225248974264e-01
-7.928145227558418e-04
-1.036209467868042e-06
-1.024050047587181e-06
-6.250211758891718e-04
7.570614374782108e-04
-3.284542708802946e-04
-9.217811381736276e-03
1.182603137312989e-03
-4.424513689203117e-04
-4.967077788433395e-03
-1.325007600514566e-04
3.124120770801734e-06
-6.275412819882264e-05
-6.345152728725115e-07
6.527119686066899e-04
3.673783568956077e-03
1.253863228265932e-05
-4.527892733077708e-05
-6.423395564832439e-01
6.509866471870396e-06
-2.063861644320316e-01
5.407517577314469e+00
-1.321654042554242e-03
1.316673165411896e-02
1.882804823439005e-04
-9.296032665640924e-06
-5.066540488496223e-02
-2.592993978537541e-01
1.334312397154146e+00
-9.949724837522085e-03
1.121750693712811e+00
1.033860750983310e-03
2.184106431468211e-01
-3.008616828332366e-02
-5.496739219494806e-03
-1.022252327047406e-03
-6.064177490550036e-06
-6.072537686135873e-04
-7.512611758012702e+00
1.290283134364007e-02
4.480028528959735e-06
4.533946003834583e-04
-1.247342826594600e-01
-1.735626377144130e-02
-2.174762524824435e-04
-3.189712740082493e+00
5.679632432587185e-02
3.069762565809302e-05
-5.928992703726621e-05
8.845948193388053e-06
-7.126379046357866e-03
1.528556818681738e-04
-4.807816839917412e-05
4.044572145807192e-02
-7.715704564030050e-03
2.874382605627910e-02
-7.274479154719955e-05
1.279032849913784e+00
-2.952627989086622e-02
6.501855778183595e-07
4.348338359007243e-07
4.281241176117034e-03
-5.835670568711364e-03
9.788707951758537e+00
3.588975828293107e-06
-3.895442777471138e-03
9.492261121267727e-06
-8.167051232089082e-03
-1.075906184851682e-03
6.052227501118682e-06
1.441313568679687e-04
7.510087874754562e-02
1.661569796124729e-04
4.289693069439234e-01
1.530281874312773e+01
-1.634177841011867e-03
2.367249866396463e-03
-5.715793260400117e-01
-7.701889725146178e-05
1.550659756745523e+00
3.056446509141588e-06
6.322796386660868e+01
-5.716949255321320e-01
-4.095509533817931e-06
1.050031777098124e-01
-9.975565073279317e-02
4.186374066685369e-03
-2.355537950031410e-03
-1.295770980081582e-03
4.932360790183355e-05
-9.600606803556185e-02
-7.954799975614688e-04
-5.920626938198326e-01
3.438720431068263e-01
1.115049562795833e-04
-5.620549304486830e-03
4.769156392988896e+01
-1.713077721303709e-04
1.600614909151087e-01
6.748019669187210e-07
-1.883462327101607e-05
-1.573185914901279e-04
-3.502843158864466e-05
-5.333238123847417e-03
8.279873960903728e-07
-2.079818291731728e-04
-1.059748295473357e-02
-5.055681598073037e-01
1.042224909292844e-03
-8.968400227510648e-06
-8.989433132876018e-05
-3.455574877413884e-01
6.278849406362683e-05
-2.620172113182721e-04
1.019282715490148e-01
-6.469778822512942e-08
-6.884880329642674e-06
3.300597747058575e-02
-1.253192080370902e-05
2.318009214962362e-03
-1.486830904632980e-01
-7.378622967204076e-06
-3.925816708293270e-03
-2.611002619616679e-04
-1.985602285023123e-05
9.101508617722740e+00
8.241075968452541e-02
1.122267252670207e-01
-8.287127531756720e-03
-1.808924989025779e+01
3.652523394224400e-04
7.213643849043774e-05
-1.952302926467263e-04
-2.734199782284146e-05
-9.083723544409921e-06
1.563692462513390e-02
5.479331440220845e-05
1.063594515196634e-02
7.827339664355814e-07
5.576288662249736e-03
-5.594757129070776e-03
-2.124969912317014e-06
-1.500044465942160e-04
-9.647719945580164e-04
3.128326111033178e-06
-1.762366779728389e-02
-2.145044358320559e-03
-3.005444081446576e-03
1.581189449978538e-05
-8.435361062060521e-04
-5.907843915732815e-04
-7.270614425548709e-04
-3.192951059201398e-03
-6.541720197434702e-04
1.658150885710779e-07
-3.456422731061543e-03
-3.185973974650072e-04
6.361326010035541e-02
1.766221982999560e-05
-9.509527042550418e-03
6.465314913970192e-04
-8.093937440058152e-05
8.127071048695731e-06
3.342971291832177e-02
-1.815356560974222e-03
1.283061389357222e-04
-6.769628358478613e-06
-1.675191868549606e-06
1.556431781231253e-02
4.274532040392552e-05
-1.393801033541838e+00
2.382908345050260e-05
-1.276444423394902e-02
4.226762525312193e-05
7.293712198648640e-01
-1.112706467704864e-04
-2.759885721623488e-01
6.703798561330999e-03
-4.760867972074090e-04
-2.815050981883283e-04
-3.024512415254656e-02
-5.978911328641778e-03
2.067147012258493e-03
-3.418048956570910e-01
-2.941555804666616e-05
3.448229947099462e-04
-1.000777705286137e+02
-8.390241425261807e-02
-4.728271806218976e-01
9.898004558547720e-03
-1.480720686285590e-04
-1.056376104960251e+00
1.861927908158040e+01
1.120120384647345e-04
2.674213614399876e-02
-4.634521269610515e-03
-5.873595937084895e+00
-2.755201905165634e-03
-1.363116294325269e-04
1.975811274437120e-03
1.978826769516648e-03
-1.921008953345850e-04
6.994401472624184e-06
-1.350623905883773e-02
1.155499249469907e-06
4.480518576301910e-07
3.795462974990361e-06
1.952703250304811e-04
-1.845677497615532e-03
-2.491862906548213e-02
-1.263880708986236e-03
8.009579163716575e+00
6.437900932250989e-06
1.016665050736652e+00
-1.237265531522255e-05
-1.346660532505017e-05
-1.186967356939517e+01
-9.602756150785405e-04
1.347645221720580e-04
9.002842016215592e+00
-9.028581924158103e-04
2.420370608586249e-04
-8.037791307902890e-07
-5.665442862883122e-04
-2.127864155637841e-02
-2.137973538070315e-02
-4.080605177076008e-03
1.732630715483870e+01
3.726686337646771e+00
5.487488638836783e-04
-9.467251541231773e-02
-8.671574132515925e-01
-8.197544994060876e-03
-2.420029161154056e-01
3.795597803096381e+00
-1.704893299920919e-05
4.869026037713738e-02
1.280141734263079e+00
-2.480100977439003e-04
7.858076321102068e-06
1.334799121941009e+00
-8.168740125507163e-05
3.421761923037165e-02
9.196883474524078e-05
-8.399359955221283e-01
-1.652018602281733e-02
-1.900435292708763e-06
5.104192480334203e-05
1.861998337272099e-02
3.597253423973490e-04
3.823911537746520e-01
2.182041339985655e-05
1.266248168965434e+00
-3.888150043628854e-05
1.887195931632540e-01
4.153532741323563e-06
9.497266755911878e-05
-7.855174152876839e-06
2.345171978295713e-01
1.529322589572040e+01
1.191344085856940e-02
-4.862486443905369e-04
-5.285354341864388e-03
-4.102782730635303e-05
-1.558058542359708e-02
1.247780027712860e+03
1.066694995562916e-02
-2.273607237619728e-05
3.062316127785266e-04
1.100882854628110e-01
-1.566281330209231e+01
2.344710613728011e-04
1.437235953853340e-01
4.798257582701306e-02
2.675769477560242e-03
1.564139772236110e-04
-7.212621108686806e-05
3.235223375506336e-04
6.936615662060720e-01
4.061491529983606e-02
1.324387887543765e-01
6.468337801209728e-01
7.910354876318435e-04
6.580242952734774e-02
2.573077953277380e-04
2.472502314441257e-07
8.492633306743227e-07
-8.406577035874734e-01
1.161902719058519e+00
1.660006205536580e-03
1.095720354133699e-04
-1.336722485427837e-05
-4.012989914985791e-03
9.039367313372034e-06
-2.711731045016580e-02
1.824499276649216e-05
-1.529765403253646e-04
5.346940543044709e-04
-1.088656604324280e-02
4.948302317864997e-03
-1.840335409025662e-03
-1.787792359133638e+00
-1.445764392794349e-06
5.072308549831757e-05
9.785482458870701e-05
-2.949849574818345e-03
5.254648505586599e-05
-8.043081694745653e-01
1.797405677931233e+01
-6.928426706367316e-01
8.648077467039680e-05
1.993446539434578e-01
-2.188791934126906e-03
-2.121528825532644e-01
-5.986776354440453e-02
2.164069046615496e-04
-6.606463735790984e-04
-5.714469572207094e+00
-5.195190625038603e-04
-3.713122499851459e-08
5.207495662447809e-01
-1.017953533698093e-02
7.263634511260336e-02
-5.026014192175832e-03
1.540422656773116e-06
-2.311438720400128e-03
-5.115801880294786e-06
6.224989773187808e-04
7.933275496748421e-01
2.549804023369558e-03
-1.908564119124715e-02
-2.433932918379789e-02
-1.852507426151119e-02
4.328507962386887e-03
1.531691165493967e-06
4.394442529453746e-01
-8.378675777347190e-05
3.547765094859906e-06
1.321169933057388e-01
1.074995385458419e+00
6.923244826656041e-03
-7.709069500508442e-05
2.066653284111259e-06
1.314317274981452e-04
-3.296854537283171e+00
1.431096766458860e-02
1.264712964659733e-02
-2.547634691228834e-06
6.593159985997778e-04
6.891515553753078e-02
1.231302366679504e-04
1.821380247252593e-05
1.330514137965434e+00
-2.504577711949208e-07
-9.775117419441971e-01
1.579959366486384e-02
-8.111298295589104e-06
-9.748474904825815e-04
1.608245391862668e-06
-2.016459685748285e-04
-4.322360149165639e+01
-6.403319914557440e-04
-8.709073246542709e-02
3.672957510676745e-03
1.902826681301674e+02
5.880701685738776e-03
-9.672371186025457e-06
8.319282816842121e-03
1.128618337655177e-02
3.048921684469535e-05
1.870524165559200e+01
1.537694673110082e-05
-1.439183934562510e+01
7.857370537973026e-05
-1.843354028860906e-06
-1.141810038588981e+01
-3.683668349122895e-05
3.903083188677998e-03
8.628763019221095e-03
9.035111715001950e-03
-6.493451441752389e+00
1.989476536513309e-02
-3.635676498916420e-05
-5.762261629765967e-02
8.160464655726528e-03
-4.389530560903914e-07
1.054534635405411e-05
-1.858902024257591e-06
3.693498514315882e-05
5.062363646138349e-04
2.254705770852435e-05
-3.674068300554905e-04
-1.147639870459585e-04
-5.485876493918729e-06
-1.200936583277837e-05
-1.207299274076566e-04
-8.341762445834094e-02
2.942239315309931e-05
2.861830095950135e-06
-6.978838988579866e+00
-3.178436046635921e-01
3.321082372384013e-07
1.231740050182236e-06
-1.154502592462985e-03
1.083473272566932e-05
-5.695400700569209e+01
-1.548354541966735e-05
2.392558954888406e+00
-1.360403180061014e-03
-1.301892997811135e-03
1.276842874882656e-06
4.270082766439472e-03
-9.296187016727886e+00
1.247796011288194e-04
2.401317544629676e-02
5.258142110320707e-03
-1.331034305004677e-02
2.171702990380708e+00
7.086710486629218e-02
-1.657261690322471e-05
-1.003958069474635e+00
7.243960516501853e-02
1.611881583934113e-05
1.094818523621590e-04
-2.351054174984729e+01
-4.765113562544841e-03
1.355825879135100e-05
-6.761628568720149e-06
-9.322617309238144e-06
-1.735847847934178e-03
-3.551690214033754e+00
3.380962375750965e-03
8.236737053271312e-03
6.571523216091940e-03
-7.033338639747952e-02
-5.722360053813947e-04
-6.282033738949959e-03
8.391056756051073e+00
1.673797537856596e+00
3.430347433785209e-03
-1.528234228871613e-02
8.879997319413697e-03
8.074019634276144e-05
3.715717748072205e-04
2.401126705411569e-04
-2.688058045823345e-03
5.536385290986757e-04
1.419640560879910e-06
-8.820349891429652e-02
5.590092816655433e-01
1.429578165303445e+01
6.659655677044757e-04
2.157533192185222e-05
9.243302842910382e-03
-2.807148472311313e-05
-5.510821833369093e-02
7.767551685253465e+00
4.080734287543781e-04
1.147691573007743e-04
-3.298777663907540e-07
-1.165794335609944e-02
-1.214145314770650e+00
4.243005568182789e-04
-1.363774067650963e-04
6.387570675493789e-08
1.046157275172829e-04
-1.286821883816232e-03
3.776382641166895e-05
3.830394134918331e-01
3.275655364604593e-02
-4.068829548367635e-01
-9.143169924808442e-07
-3.652181541683015e-06
1.338231756599176e-04
4.017039248160685e-07
-4.478807709059991e-02
1.003642342624501e+01
-2.850487123981516e-06
2.823677033090093e-02
-1.665886285687957e-04
-1.086775029104865e-03
1.453780190580054e-05
2.056843754394820e-02
-1.242638369038991e+00
5.892031589758262e-05
-1.223215548155532e-05
4.726306271258281e-05
-1.726012006736134e-05
8.403308753363623e-07
5.289711644738504e-07
1.435052789378661e-04
1.526073721340788e-04
6.121048904551173e-04
6.515033237744171e-01
-2.839132257791318e-04
-4.955215541333093e-07
-1.344038503329683e+02
6.632768448917895e-07
3.899699281310723e-03
-9.812143774611549e-06
-2.511377527643756e-04
2.648806913347393e-03
-8.155261024316617e-01
-4.604739017929948e-04
-1.243944812468693e-06
-6.623050452861762e-06
-5.509512582009703e-02
-2.045246175263673e-03
2.953735452403269e-03
-1.100431024466596e-06
5.845423796454921e-03
-6.878300270136894e-04
4.628870779003219e-04
2.235379875696393e-03
6.077765016701288e-04
6.481942948466980e-03
-8.911961234606455e-03
1.977830013590784e-01
7.008842536148404e-01
-2.548019341994118e-01
-5.365126814888796e-02
-8.152607471172339e-07
2.813861030957557e-06
-8.105281211451028e-01
4.692970514272547e-02
-6.921957789890741e-04
-2.864848860503350e-04
-9.851687781045218e-03
-3.930833619551769e-03
-2.924057238854187e-06
-1.540660146947659e-03
-7.670007968689811e-03
2.008127657854946e-02
2.021877930359126e-02
-1.244698822190609e-01
4.193975368611657e-04
1.342666404433537e-02
1.160749654153346e-03
1.923005382764656e-02
-4.755544556031710e-03
4.971666063847122e-03
-1.961690382317816e-04
8.618821027950840e-03
1.395175129742175e-07
-2.717800161621093e-01
-1.953426886627535e-01
1.743590697265662e-01
-2.962967603506608e-04
8.105151546358881e-06
3.425777581940006e-04
9.634785642376103e-06
5.450343049749360e-03
6.719403805753860e-01
2.847704084111601e-04
1.143428116194971e-03
1.996611049754032e-01
-8.883526979006347e-02
-3.208438484859787e-05
1.659909736995526e-02
-1.643000325504340e-04
1.342252171001191e+01
2.618305015066134e-01
4.924839820555190e-03
4.767344267529719e-03
1.910257897637927e-05
2.193668437729013e-04
-1.836578022776007e-04
-1.273008477258683e-02
-3.128441366715676e-02
2.204399641422674e-05
-8.334320158132567e+00
1.122866857394100e-01
-1.096850901631827e-03
1.425303871681047e-06
-1.985805061363616e-01
-1.263455063189960e-04
4.722080567423333e-02
5.416856681072053e-04
2.254892951395247e-05
6.388970843822011e-06
-3.765325122198054e-04
1.043335254774816e-05
6.275580960576602e-01
1.682980051914753e-05
-1.028830358702845e-04
2.149246349937303e-07
-2.650045499304020e-03
9.000302611932418e-01
-5.407460763227423e-04
1.857837861084454e-04
-9.533392531221725e+00
-6.431738926227426e-03
3.101324224383797e-05
-8.759786281449020e-02
-5.134119040029419e-04
-1.620465515649833e-05
-4.280568137236053e-01
1.326184137985582e-05
3.079368548638387e-04
2.431770872506018e-06
9.916175651321891e-04
-4.108655995192752e-05
3.975109981651969e-01
-1.664995184914515e-06
8.737147958208440e-01
2.376985591022186e+01
-5.349797045831141e-03
4.437558460840976e-05
1.018965994808806e-03
-2.034626668945773e-04
-6.874702748099205e-03
7.682965810818130e-04
2.554783965306472e-05
4.695434289116150e-06
-1.690816529616154e-01
-1.264258302412097e-02
-1.085081397221276e+01
3.509428443579318e-03
-5.501210826867832e-03
-3.779882844037794e-01
-2.648822122955425e-03
-8.876821223147446e-08
-2.110265985099878e-02
7.873812086758251e-03
-1.100281013263650e-04
1.850558279775990e-02
-7.045444039264409e-02
-1.348443206789496e-01
1.743271491295412e-04
1.685576313006873e-03
-1.967302350605866e+00
-8.865274915166367e-02
-4.606850857359535e-02
2.784407822793665e+00
1.468183828045358e-04
-3.336244930650179e-03
2.200225596068587e-05
-3.772760665517722e+00
-8.439056390714368e-01
3.039170475059133e-04
-7.773231600312495e-04
-1.944706264357661e-01
-5.471421269401086e-04
-5.913146970347958e-04
2.147670316729168e-01
-9.921136148697358e-04
9.750422275398864e-05
8.138569970059257e-07
1.061281028028061e+00
-8.316000406685475e-06
-7.133163673018639e-06
-9.891138181573769e-06
1.137128343847851e-03
1.451145539139776e+00
2.002926463419857e-05
3.897079235243131e-04
1.277689088755566e-02
-2.431701570550858e-04
-6.998024270973948e-03
-6.781479442055695e-04
3.700439004477291e-02
-5.366090772075190e-04
-2.681819122213720e-02
6.092817090097274e-02
-2.323543730063125e-03
6.114722239602593e-06
1.235288861883389e+00
1.692701487191256e-04
-2.508432619475416e-02
-2.480011883671722e-03
1.292090501575384e-05
3.635281926892473e-04
-1.488526024647184e-02
4.751894409974812e-04
4.696082295568694e+00
-2.230862739495685e-01
-1.931959197282145e-03
2.203283590259901e-04
-5.257038761089015e-05
3.062407823442455e+00
-3.457048571571456e-03
1.578003725263539e-02
3.052348220890530e-04
-4.454128212726345e-05
9.557851108628839e-04
-4.066947505749592e-05
-1.757720479447080e-02
-6.389826542563581e-01
-8.027797756453232e-04
-3.126879657127575e-03
4.977877301230686e-02
2.059229601429647e+00
-3.856241173104805e-05
1.398013573736074e-01
3.973086485120766e-06
2.550231574173035e-04
1.776220016044998e-01
7.132048257873926e-03
-1.332505602671434e-01
3.552855446053287e-06
-2.728428025856009e-01
2.860944428426690e-06
4.194228974531145e-04
5.960816648586192e-01
-5.969626746821066e-04
-4.814214159910369e-07
9.318646265989778e-04
-3.385469459671938e-06
8.518647671002884e-03
2.797410509057769e-01
-1.723413109321416e-02
-1.389762657605336e-02
6.511144863222304e+01
-1.022974666743433e-06
6.581763539837241e+00
7.929504433402142e-04
-2.660688339197036e-02
2.275928613267298e-07
4.611004712191447e-02
-5.582991591246411e-02
1.111628867572185e-03
4.782201739178169e-07
9.667836374495561e-02
2.289185774206383e-04
-6.904339510278561e-07
-2.699355743558648e-07
1.881188177504528e-04
-9.152127613889159e-05
1.504679483894119e-03
2.793917230713644e-05
1.557030778474919e-05
3.627237198484684e-04
1.333521184713017e-03
-2.692632820957703e+00
5.920219512324136e+00
4.195675107528555e-04
1.143602603842469e-02
8.026435645073019e-01
-3.009831633709715e-02
4.439769754061790e-04
7.703728156994649e-04
8.463385032714493e+01
5.350765167385275e-06
3.887870303977729e-03
-3.449045643247315e-04
-3.372425271226247e-02
-2.701487263209052e-04
-5.058739163558466e-04
-5.186185327944242e-06
3.448503723103780e-01
-2.051071077720694e-01
-1.832980212959323e-05
1.148539109358200e-01
1.747342519175806e-01
4.040804144462577e-03
-4.122304740583897e-07
6.027410059906834e-04
-2.272659918423420e-04
1.475376945983571e+02
7.648196610685173e-02
1.237408619083372e-04
-5.691700170442249e-03
2.574461343840826e-04
1.512121535317821e-07
6.566438209792580e-05
3.219145245913084e+01
-6.872725524312708e-01
-8.396169369857817e-06
1.802171378530794e-05
4.423659659756050e-05
1.005195298525329e-02
1.047247305663153e-03
-4.667060438939365e-03
2.620888617636077e-01
1.310312104907816e-04
7.786614455710213e-05
3.296862064009499e+01
-3.304256226821745e-02
3.972631159970488e-01
2.068760917217984e-01
-6.065139584206072e+00
4.313513618221785e+00
-1.061192562311746e-08
5.105105952876184e-06
-6.272781290864610e-03
1.388867728615432e-03
-5.834739632850480e-02
-2.063295644421757e-01
-1.352352159158323e+01
7.323228209485512e-04
1.378497817398747e-03
-7.244133155489434e-02
-4.932628534677293e-04
-5.583472843846585e-02
-5.241944743475505e-02
2.021571849821134e-02
2.233488089729591e-05
1.265474349539820e-01
1.064027262742272e-05
-4.509215245446791e-02
3.248571177140364e-04
-7.219737813181163e-05
-5.709323128844981e-05
-3.568010147046683e-04
3.267398866919263e-07
-6.630130501391213e-02
-5.806970380250310e+00
-9.718497805382693e-05
1.626629977354333e+00
-7.400443497702638e-06
5.652925064283449e-07
1.114277405921244e-03
-7.018603722742536e-01
5.279818756365429e-04
2.073960742437472e-07
1.023249217445902e+00
6.625749650941930e-04
2.158659174177933e-01
-2.004339194034856e-04
-5.699430474676982e-04
2.463050939774711e-01
2.668492809129460e-03
-1.606276299946377e-02
-2.866444970621124e-04
1.427681638721465e-01
7.270129620165247e-02
-6.089495928903311e-03
-1.853244686243523e-04
-5.231320589258748e-02
-2.929619759894385e+01
-6.848708217395744e-03
-2.487503824736399e-06
-8.824465479408714e-03
9.359027691894484e-02
-4.044228206520544e+00
-2.248861844924940e+01
6.110219031415001e-06
9.872362478129772e+01
2.434771944989843e-05
-6.316024487281444e+00
-4.615630073754042e-05
1.702224404060332e-03
-1.341611628920530e-03
2.555741916932022e-07
9.154436567364303e-04
-4.760707179349026e-03
-1.677559097400292e+01
-1.556243200472260e-04
5.351505983923288e-03
1.962080558888235e-06
-2.664005973735160e-02
-2.822291878183962e-03
2.433389735348536e+02
-2.985197722948415e-06
-1.141747301920861e-08
2.922959320031953e-05
1.914638363529169e+00
2.970135707114070e-02
-5.639417964724427e-05
-5.423595632047665e-04
2.983484049850854e+00
-1.578293099383134e-02
-5.655216845198261e-07
2.709008015329825e-05
1.762888804533287e-02
-4.656777935651260e-03
-3.452946367791792e-02
-5.576653860243311e-03
4.926109878588305e-02
-4.224682676425396e-02
9.021386513184935e-07
8.682411108696317e-01
-4.919943562329932e-06
-7.341703408887306e+00
1.811882256452778e+01
-1.831823433669242e-05
-1.267315523615472e-01
5.898411936780596e+00
1.191967983034010e-03
3.006101986476756e-02
-3.287915224012358e-04
5.421886642995891e-01
-9.837708795457712e-06
-1.104907274243715e-05
-5.397295783974541e-02
6.033059962724300e+00
-3.442497101233304e-02
1.092730192426299e-03
6.280967636353267e-04
-8.919831124641687e-04
6.062571797775308e-04
2.068520497044184e+01
1.650549207084763e-04
5.657116191921648e-04
-7.268084655150671e-01
-2.175761678389557e-01
-1.436576001173236e-02
-5.086110304395364e+01
1.421555243315523e-03
-5.281904900591325e-02
-4.831085675397807e-06
-5.830464017811600e-04
-6.913861085452839e-03
1.168029745514049e-03
1.410543420362279e-02
-1.140418758092006e-01
1.514663550391035e+00
-1.917215447621381e+01
-1.107178999331764e-01
1.598575369892925e-03
-8.428315676953360e-04
-1.891946490890820e+01
7.498446527856260e-04
2.604359750420960e-06
1.023800584365777e-03
7.198107266436543e-03
1.360555430895069e-02
6.780836625722684e-01
2.383133286451434e-05
-1.063611829080838e+01
3.853607465517165e-01
1.333057060548482e-05
-1.803124411315119e-03
1.565156893212758e-03
8.344114147537193e-06
3.933281268840655e-02
-3.884148595090808e+01
6.264912475169061e+01
9.839937973383983e-03
-1.136880547121237e-02
-3.998354457252053e-02
1.753405765965569e-02
-8.671979342138073e-06
8.780917768738028e+00
5.552392733458164e-02
-2.064326709227492e-02
-7.191745945329738e-03
5.691573634465815e-03
-7.357932040304627e-02
-7.181995683321805e-06
5.073775380294866e+00
-5.060489952526343e-04
1.369954326311010e+02
2.277899441320282e-01
-1.554248978949200e-04
5.330263322899863e-01
-3.166973658776910e+00
1.621321969141498e-04
6.837325997349601e-01
-2.925402720940813e+01
1.430178066466816e-03
-6.553483929568206e-02
-2.524688687156961e-05
-6.667993625259118e-03
-2.718747415880417e-02
-1.146110907934243e-03
1.288727725123177e+00
2.056620141133395e-04
-1.276706490799220e-02
2.828374038581995e-03
1.787939966767497e-03
-5.655509875023721e-01
-3.836293191915276e-03
-6.867596518943578e-03
-1.049768141236199e-06
8.821371036311469e+01
-1.962735483901327e+02
-6.303962822712479e-06
1.096665523123942e+00
-4.804576849661630e+00
-1.274084824308535e-02
-3.585345716980749e-02
-1.093557856914742e-01
-1.313694271170905e-02
-9.723324233099875e+00
-1.857584781024339e-04
-1.629548093332188e-02
-1.131825973073102e+02
1.403315762770170e+00
-7.095501788844468e+00
9.197795973820659e-03
-5.791116935015399e+00
-2.211208594386859e-02
1.474267091367067e-06
1.151615293865207e-03
5.438927511927096e-06
-8.101700761018718e-05
-7.423170079931644e-03
3.637266900938504e+00
9.933868467916801e+00
-1.033344638072949e-05
1.848420336619576e+01
-3.977996386951523e-02
-9.732815066142687e-03
-1.572940721905972e-05
5.907495632109143e-01
-8.011659681854117e-03
-3.689231376986558e-01