-7.102469735543582e+01   
-8.259367033595379e+01
-3.021957788960513e+02
-2.439322256359246e+02
1.938764811047730e+02
-1.593902943999398e+01
9.423800078728058e+01
-1.331732173058193e+02
-7.818346571521377e+00
2.594633296992259e+02
3.811228904204210e+01
3.248249739117017e+01
5.444810667029816e+01
-1.380938043494983e+02
-5.628332464688935e+01
-4.609162150575192e+01
-2.020299866163317e+02
3.511654914793924e+01
2.712919828803185e+01
-5.912731033257139e+00
5.830682983854995e+01
1.337249345607134e+01
-3.695051285301043e+00
2.729787941321174e+01
-3.378599091225835e+01
-5.744405692114776e+00
-6.750506035846114e-01
1.497371986729464e-01
3.807908146059411e+00
9.345874959735786e-01
-3.635904400397573e-01
-3.359508044492247e+01
-5.097530766827997e+00
3.864799107751144e+00
4.201821246420765e+01
4.696029912028441e+00
4.560263199112714e-02
8.813281144760192e-01
3.120403832350885e-01
2.106608942144191e+00
1.121342158125071e+02
-1.943213210211404e+01
-5.906478517296154e-01
1.471349219540949e+02
-3.354009867268294e-01
3.398762870824372e+02
1.504852823563801e+01
7.995612387183239e-02
-9.345552449507029e-02
-8.682982533363045e+00
-1.155572910604775e+00
-5.393820219569557e+00
9.305602038242105e-01
2.756416905667891e+00
-8.020631059808823e-01
-1.119786370648426e+00
1.010914036183878e+02
1.367206670965627e+00
-2.731191536604801e-02
-3.208580750468904e+00
2.468596612812525e+02
-2.714918819000700e+02
2.336445974571569e+01
-3.126067356380997e-01
1.093330454780049e+01
1.288182791953798e+00
-1.903089928202112e+02
2.504807336122408e-01
2.454918389020954e+01
7.722508348752096e-01
1.477621359662375e+01
-7.236432521928084e+01
2.832585988648304e+00
-2.421609803028790e+01
-2.366635412814600e+00
-3.396919336852763e+01
3.574219233393014e-01
-4.716306305903051e-01
-2.353887567797881e-02
-4.564811151077901e+01
4.796932347113768e+01
6.664941154320438e+00
1.236501385059347e+01
2.884816264021415e-01
1.241257934281053e-01
-1.207173250803391e+02
1.197883850305406e+00
-8.863890384260090e+00
-2.141072276458584e+02
-1.942508466313567e+00
-4.251451225372176e+00
8.374806164434261e-01
-6.832753415446246e+01
-3.287783803729378e+00
-1.145754271557433e+00
-7.590531019678088e+00
1.898791619143347e-01
1.611731121686534e+00
-8.253498862322312e-01
9.209646412058586e-02
7.835215806654596e+00
-6.511260541733077e+01
-1.713194967200317e-02
1.875600614402149e+01
1.221667955010583e-02
8.034061702467191e+00
-5.243769195856860e+00
-1.467894941600546e+01
-3.575011873321084e+01
2.447449206178939e+00
1.895302587961478e+01
5.369958577900737e+00
6.198177998137048e+01
-2.939924596736484e+00
1.085183206606683e+00
-4.111338046999078e+00
7.882166836721056e+01
1.686148105882239e+01
-7.727996597433112e-02
4.162179207028377e+00
-1.512555843913225e+00
-2.088671550900313e+01
9.224963798377878e+00
-2.820857694612275e+00
-7.803898616885974e+01
-2.472230556108634e-02
-2.658566618160027e+02
5.581940522794895e+01
-1.428277480183736e+02
-1.595696181689158e+02
-4.989055565797472e+00
2.720976168230767e-01
-3.410162896977606e+00
-9.588234915364407e+01
-1.135209448511936e-02
7.489178849778261e+00
-5.727352605373713e-01
1.902171637764457e-01
-5.651008511593057e+00
-4.656954969635682e-02
-2.274156226827579e-02
1.850438995303680e+00
2.966654005833571e-01
-9.069180522116307e-02
1.427473169007859e-01
-5.493049992913019e-02
1.034253796610511e+00
-1.829015969947887e+00
3.258557198679501e-02
-1.591882480246791e-02
6.653768865421537e-01
2.208647153229695e-01
8.770513630045476e-03
-9.242477606339031e-01
-1.546778201295306e-01
-2.485354693852135e-01
2.103974674012138e+00
-2.321596983652211e-02
-1.648710164211357e+00
-9.059468523239810e+00
-2.432372329902187e-01
-1.187328412045452e+01
-4.732508360610745e+00
-1.100743204031133e+00
-2.326437890886540e+00
-4.236839479552591e-02
-1.993306830372697e-01
6.900074686023998e-03
-1.102585985705017e+01
-4.653683807322010e-02
1.112524261644134e+00
-2.688908763739844e-02
2.030888356194469e+01
1.955633601226432e+00
-1.058315014267088e+00
-3.662371594548683e+00
-4.957571659500252e-02
1.262315891551989e+00
-9.328566567989388e-03
1.975508421248160e+01
-2.005164995494646e-03
-8.796017071623349e-02
1.282528032256691e-01
2.172078872276926e+00
-3.519255537899894e-01
-3.171102132360776e+01
1.402637077706455e-01
2.221552650003823e+00
4.014075181894737e-03
-3.695609644074559e-04
6.188389006999189e+01
9.034210728336899e-01
2.041382666415724e-01
-1.203450773603677e-02
1.352206328746199e+00
-7.220288787841850e-02
2.616996270887089e-01
-8.986334804632418e-02
1.774187340923612e-01
1.192078303238841e-02
-1.532952441218281e-02
2.302850951617837e-03
2.284641006193287e-01
6.071528326529609e-02
1.749612342429812e-02
-1.331172069446092e+01
1.676890535334417e-02
-2.340972534649900e-01
2.050191960413377e-01
5.808214245962172e+00
-8.316184315882937e-03
-3.103621966259063e+00
2.924623018851575e+00
2.870673842543075e-04
3.578120570740446e-02
-3.262885886346955e+01
-6.592425690386716e-02
3.778133859646342e+01
3.200499772926654e-02
1.353277011507235e+00
4.870634720507163e-01
-9.328532151567714e+00
1.466938766232146e+00
8.605703908644277e-03
9.794157623790462e-01
2.178413866462297e+00
1.598714495917966e+00
3.148940007674233e-01
-9.205946835491939e-01
-4.228848368461449e-01
-3.948895750311536e-02
-2.212789679613789e-04
-1.985983466891204e-02
4.839211813700249e-01
-5.548081708960667e-05
2.173699377202338e-02
-1.972111598431469e-04
-3.010655799825915e-01
4.570140830812123e+00
-8.428308239066555e-03
2.559291452910551e-03
-6.800356730569283e+00
-4.731713752284269e+00
1.717205923820542e-02
-1.003640899838699e+00
1.165072413410641e+02
-4.574038336820372e-01
4.140191250802431e-02
1.432172165445430e-01
-6.938002910638063e-01
2.501945342648423e+00
-3.259284440738375e-01
6.594689544787424e-02
9.637494027449229e-03
-3.679447451184822e-01
-3.871887120253882e-03
-1.335507807335226e+01
-2.316414413333790e+01
2.407998765232235e-01
5.820943655642394e-02
1.246952461026289e+01
6.022684453653803e-02
-4.747213656416050e-01
2.250645028649236e-01
8.838257503062431e-03
-1.714905386371866e-01
3.797634222740742e+01
-1.319443737543440e-03
-6.514733385293953e+00
2.087120785133863e-03
2.761345775132529e-04
1.386988409100323e-01
-3.909428076624860e-01
-2.464598984141973e-03
1.640709016398475e+01
-4.840465591035217e-01
7.814629556004049e-01
6.591032816735124e-01
2.249848019850571e-01
3.581259102054695e+01
1.519028595625135e-02
-1.593819589600930e-01
3.274868814861924e+00
1.115616972243547e+00
-2.229805878350782e-01
3.889520861451265e+00
2.254806812423691e-02
1.787547730219147e-02
2.329351992271157e+01
-1.522044155760290e-01
-1.099728173185049e-01
5.935631380095030e-03
-3.366020850262824e-01
-2.295212320609913e-01
-1.109918494383204e-03
1.310516522253846e-01
-2.617845363587563e+02
-1.165792664708534e+00
9.009978712131396e-01
2.553523251707568e-03
-9.952087666911837e-01
-4.495631685111416e+00
7.209153528653707e+00
4.724447539825796e-01
1.960658945165494e+00
-2.284379469283615e-01
1.515671163834919e+00
2.896670699328149e-03
-7.553422258100838e-02
4.843162499273099e-02
1.180695228696257e+00
6.975740686035262e-02
1.294524696906669e-01
-1.879743253346841e+00
-4.780011253901869e-04
3.353065185078739e+00
1.085474485800406e-02
-2.227947821659631e-01
-9.474251289573260e-02
8.656123749031095e-01
-2.756949605717713e+00
-7.319639569474112e-02
-1.575389403370634e-02
1.777738675107922e+00
1.195179281524721e-01
1.518747077913120e-03
-7.252618706048709e-01
1.748384237379000e+01
2.880291991285088e+00
-5.218559404697633e+00
2.577529678614072e-02
8.790035372064521e-02
-7.639926899241311e-04
5.840077970362369e-03
5.308922235569103e+01
-2.948800860106873e+00
-2.157916756649106e-02
8.596122255552023e+00
2.444330494984233e-02
-4.683158563955847e-02
-8.167786936173550e-03
-2.978361781810074e-03
2.437788641297962e+00
2.932351352928988e+00
2.458768156563767e-02
-3.582468998244884e-03
1.992344657511041e+00
-7.191777023078954e+00
7.275205001133400e-02
-3.290913183675504e-03
3.650573012054472e+00
-1.409414898541473e+00
-9.463877214387605e+00
9.089863049082984e+00
-2.920705639417580e+00
6.981116921371067e-01
6.093360334590614e+00
8.816266563123334e-02
-5.783278268921213e-01
1.950146312298957e+01
-5.204790239445267e-01
8.457336317976119e-01
-1.355643982066101e+01
-3.299208377274741e-02
-1.379926475778868e-01
-4.792635334522765e-03
1.650107233937662e+00
-1.518063574037870e+00
4.654972915283521e-02
-1.941868695466674e-02
-2.563642052477011e-02
1.813490086024446e-01
-8.690486262809703e-02
-7.969528364549605e+00
-9.011845595593397e-03
-8.857737225035594e+00
1.796049545900655e-01
-3.247301656546442e+00
3.368490628070597e-03
-4.980713633911350e-03
-1.857349939777929e+00
-5.323409321155764e-01
6.204468747083702e-04
6.299350668063186e-01
5.648670696089550e-02
2.317787502245259e-01
-3.296273542141122e-01
-4.608427900808311e+00
-3.224084439157653e-03
-7.791575142171135e-02
-1.596778579583745e-02
2.167037098319013e-01
-2.207572837879733e-01
3.415477382450573e-03
-1.263767859042445e-03
4.137241489009769e-02
9.484800244571349e-02
-1.284459907247094e-02
5.011113794303279e+01
1.201429775878293e-01
3.739957956695629e-03
-1.168165845230588e-02
-2.948580933325170e-02
-2.961276094493989e-01
3.274609584551966e+01
3.017913618365683e+00
-2.475967056962336e-02
-2.529562208216025e+00
1.611074488811847e-02
1.454766381175924e+01
-1.357536041942599e+01
9.424798912556821e-04
2.047905010406499e-03
-3.127280522699095e+02
-1.777868454201063e+00
2.805469953737325e-01
3.065383313098502e+01
2.928569261832896e+00
-1.141637707336047e+01
7.780373945651250e-01
-3.408182046816060e-01
-8.399215993872021e-03
3.681271251257061e-03
-1.064060538865253e-01
2.997724314555717e-01
2.489462630764354e-03
-9.924524280302595e-01
-2.271518405718358e+00
-8.356424193848060e-02
1.307893151222277e-03
4.374148299021630e+00
1.607767009496786e-02
2.108889886705909e-03
1.982310907041180e-02
-2.102259497028866e-02
7.374129517529755e-01
-1.181769845545816e-02
-2.848764433311025e-01
4.425114791233034e-02
3.493331816527850e-03
-4.649097090772222e-02
2.155287246238502e-01
-2.949021766154343e-04
8.957663001354550e-01
-2.334034357567508e+00
-1.700798766478837e-01
-3.436541330177342e+00
7.465400869147621e-01
8.219603661063973e-03
-1.380601259368311e-02
-6.764679688233448e-02
-2.132481386764119e+02
2.421731033334432e-02
2.057231349968088e-01
-1.208761968506758e+01
2.132715652787527e-01
-2.072554817655257e+00
-9.413035910293100e-01
2.484924400041538e-03
5.854987714281698e-01
7.146731015401185e-01
-4.329321925325482e-01
1.258221400015048e+01
-2.796043003605148e+00
1.015954316599143e+01
1.217558402352643e+00
2.432658471528841e+01
-2.680684751790629e+00
-8.540815051622101e-03
-4.369798036719651e+00
1.681047902931492e-01
-1.411279600674375e+00
-8.217091133988313e-02
-4.092321642425249e+00
-4.910771777129534e-03
-1.404646973269696e-01
-6.172488269983060e-03
1.824918116956897e-01
-2.129931102244734e+00
-6.066667335326252e-03
-1.746381031865641e-01
1.154325177454296e+01
-2.677753338972286e-02
2.954768222527861e-01
2.074085308708343e-01
-3.485947387074886e+00
7.493443082932714e-01
1.225618661307877e-02
2.742371384428241e-02
1.052476315709905e+00
6.957807870691335e-02
2.206904716456998e+00
-5.363162383054226e+01
-4.829964081182424e-01
2.637586136491944e+01
-6.016879446410125e+00
3.266680105194696e-02
3.584211779970498e-02
-1.337571262285666e+00
-1.758074354613586e+01
6.652697322094262e-01
2.940144928424238e-02
-1.230611849794011e-01
-1.804562434340279e-01
-1.295973499731179e+01
-8.178918991243185e-05
-1.408534302694796e+00
7.174760513705380e+00
2.680749228188231e-02
-2.775712249205067e-03
-3.021549603464740e-01
1.194038661830693e-03
2.078743091106426e-03
-6.686930491780354e-01
-1.086556169773480e-01
1.324105056910998e+00
-4.281203011708015e-03
1.414835799034327e-02
1.225109863959611e-04
1.982410423722645e-03
4.410090495610826e-04
-3.229983714173271e-02
-3.521523172226741e-01
-4.216059629928930e-02
-4.802112766934151e+00
8.557712272329872e-02
6.284461083440583e-02
-6.635378445118884e+01
-8.808470214811312e+00
-2.280400116098590e+02
-1.355690358712561e-02
3.831295716130815e+00
-5.952797441787939e+00
1.189224365823394e-01
2.411993862500110e+01
-1.105832394656548e-01
-1.018928539219745e-01
4.653575455818323e-02
4.770260260242079e-01
-4.575638895518376e+00
-5.069052479670185e+00
-2.515258154328056e+00
-8.478639982491169e+00
2.342844550643580e-02
1.781491091698594e+01
2.611428133909306e-02
1.962894656897743e-03
1.381477853433068e-02
4.715297652226064e-01
-4.208303212620323e+00
-6.024046137400978e-04
5.062095110154673e-03
-1.325798481527273e+01
-4.092427496488661e+01
-1.274105510051396e+00
1.560963814439705e+01
1.388229236182919e+01
3.340021357665859e+00
-9.983183854951773e-01
-5.430989693826907e+00
-3.483430273654139e-03
2.881710623794824e+00
-7.291727025903935e-01
7.551133731411696e-01
-1.246652160109967e+02
-8.299582544325328e-02
8.150639172824378e-03
-8.965073113969339e+00
-3.349086126655466e-01
-3.754809089618975e-01
4.796329872941897e+00
2.653035277840261e-01
-2.850485056360154e-02
1.019821439491711e+01
-1.250120819928417e+01
9.692788921780403e-03
-2.204835853621583e-02
1.905668915356383e+00
1.428560261243958e-02
2.964505119643043e+00
-1.094620558615507e+02
-5.075546986514064e+02
1.122719933872684e+02
-1.430548967312868e-01
2.111152443621935e-02
-4.568967083980819e+00
3.797460194305281e+00
7.817486665619846e-03
-3.959327134155790e-03
-2.528917174543681e+02
8.224325684325159e-01
-1.318883361623252e-01
-1.072649537174728e-01
6.444047369378338e+00
-3.532184528988634e+00
-2.696544466125813e+00
-1.393521320896106e+02
2.993746033801739e-01
-7.433186308172484e-06
8.078040250607865e-05
2.020008624549420e-03
-5.420715120178470e-04
-4.456422468482680e-06
1.463442993519437e-01
6.805307416201275e-05
2.058248010538605e-06
1.323995196184617e-02
8.765041609492382e-04
-9.576919200625263e-01
2.262867727176679e-02
-2.924007262139477e-04
-4.996368085109434e-03
-2.301634448607556e+00
6.279648896970385e-05
-8.415465811322098e-03
2.904253554078873e-02
1.041331137094157e-02
-2.350875002926371e-03
-1.865188082888933e-01
-1.060728819492695e-03
-9.143580725594956e-03
2.711678457356402e-01
9.843275464593346e-02
1.911023758475726e-02
1.347783768342238e-03
-1.302728718456965e-06
-2.744395281719178e-02
6.322875494169014e-04
-1.004062035626736e+01
-2.980610522721648e-02
4.048788543298928e-02
-3.694758809003824e-02
9.969146798668740e-01
7.710368438634873e-04
-6.013572669521354e-03
-2.396616768035215e-04
4.110112498041298e-02
-1.809970279065741e-02
-3.530983221712253e-02
-6.388333648840876e-03
-5.339752872020348e-04
-2.340455273260062e-04
8.198254156551131e-02
8.638488170337850e-02
-3.022780872576778e-03
2.260573956121607e-01
1.401550808783093e-01
2.661568894055506e-03
3.942457101453004e-01
1.138444340561237e-03
1.745074496452051e+01
3.576713228780559e-01
1.761815619139220e-03
7.770371121512103e-02
-1.320479580444572e+00
5.907080435929149e+01
8.393559862799861e-02
-2.881811143744627e-02
1.365451769873131e-04
1.020678327657845e+01
-6.126492103825547e-01
6.151511858213358e+01
-6.015258859612939e-01
-9.823926095786471e-03
-2.342976854029484e-02
-4.453046254378087e-02
2.851655735769661e-02
-4.068350606825086e-03
-1.408639673503532e+00
-8.426670365236915e-04
2.474919503341739e-01
6.264189037944939e-01
-1.119443929397783e+01
-1.094430172355099e-01
9.021974704274434e-05
3.035023924509972e-04
-4.276544069664988e+01
-2.856064930140751e+00
-2.019461254420088e-02
4.646146280802008e-02
8.986946329694659e-02
-5.053905059943704e-03
-1.173078138604916e+01
2.145594424873301e-04
-7.168019325113015e-01
-4.909947335015041e-03
-1.262042489428760e-04
-2.126896622620707e-02
-9.946823509393817e-04
7.242924133516540e-05
6.373595380465983e-03
-1.470550995477595e-03
-7.947697856777455e-02
-1.968220493784734e-01
-2.112946203345427e+00
-7.197960010541977e-04
-6.584887169077258e-01
9.327101772011306e-04
-1.746048738758870e-02
-3.887334243923379e-04
-9.501667859780757e-04
1.460939070147136e-03
2.679801764612689e-03
5.857387252255942e-04
-3.749152982968074e-02
-3.738726509885101e-04
-5.084513845923575e-03
-8.810966170828341e-04
6.876260456908643e-03
-3.376025802924102e-03
-6.423893042604394e+00
-1.491872245048501e-01
-3.914106861759235e-01
3.867160870863808e-05
-3.079762946144050e-04
5.809906897969989e-03
1.738975382552445e-04
-2.336401909238776e-03
4.529801095874558e-02
-2.905050188833818e-05
1.818559407970688e-03
7.336121445985481e-04
1.118943374934938e-06
-2.696508645509793e-02
-5.583130254942242e-04
5.474390796575805e-04
2.779018436892266e-05
8.048308890495287e-03
2.806231760676423e-02
2.988639413874520e+00
-3.845281331938820e-03
8.517241938771355e-02
-5.479000725793699e-04
-2.988977108533635e-02
-5.359009013775344e-06
7.416804497467736e-06
-1.587988682891899e-01
3.852275423756849e-02
-2.146297916957551e-04
2.443501822077908e-01
-3.586263935728213e-01
-8.832063193145345e+00
6.450154284594892e-04
6.803720337233728e-05
8.771622576626239e-01
-8.182054111877193e-04
-1.890069707727412e+00
-5.213984260931506e-03
-6.658362289191905e-07
5.301400606336457e-03
3.835303716407024e-05
1.298359720635290e-04
1.414172205758954e+01
-1.467657068253610e-02
7.259987065408508e-05
8.176101021347604e-03
2.780906345060499e-05
6.430912923612679e-01
1.169002191697969e-03
-3.630961441451807e-04
5.362095428376537e-01
1.611814879950762e-02
5.838137787011238e-03
2.853885918427944e-03
5.247950176934753e-02
1.641973646455618e-02
-6.409494538419847e-07
-2.325179510066757e+01
5.423301164991812e-04
3.477136650861852e-05
1.759358682764072e-03
-1.295306220565934e-04
-1.442266596889871e-05
-4.400785295603182e-02
8.098639296803462e-05
1.503828430192694e-03
1.204433150355842e-02
1.357676274253352e-01
-1.478173903335726e+00
5.664866517415398e-04
6.379096917341014e-02
3.086096891234392e+00
-1.585589780664403e-01
2.461637211719982e-01
-1.188533052235267e-04
1.198276836566145e-02
-2.853352928019304e-04
9.183740029493036e-02
3.695833524575053e-04
1.412434807428893e-03
-8.240444009495087e+00
4.248956771536947e-03
-4.645186740156456e+00
9.437864875823777e-03
-5.793947222357110e-01
2.375399991107938e-04
-2.976509596220446e-04
5.061869921085256e+00
-2.623655729788472e-03
2.545317752625841e-02
-1.080874433127990e-02
6.813927174984684e-04
2.506397598284607e-01
-2.629677637297853e-02
8.507543755567318e-02
1.152937762430511e-01
-4.106922795946991e-01
3.795273622442925e-03
-3.334033959644135e-03
4.453499892524549e-03
7.347672673488423e-03
-5.732212633295024e-05
-1.777867517366270e-02
-3.482514745548210e-04
-6.998490707727570e-05
1.349475568996625e-01
-7.714891871962939e-04
7.532256259643236e-04
-6.105499651450591e-02
-7.637681824851386e-01
1.278114358214200e-01
-1.034235053710486e-02
1.603901109143511e-03
-3.944211459213913e-03
-4.978983952303624e-01
2.794377553000091e-03
-1.970720891454750e+00
-1.338023050553564e-02
-1.691810455977891e-01
8.303351227334186e+00
-8.485100577911867e-01
6.338783449923292e-02
-2.949262793355653e+01
-4.940316152689694e-02
1.204409311285852e-03
3.429645616967592e-05
-1.888438163160459e-04
-6.906007480700681e-03
5.386958335063755e-03
2.107499345718410e-03
1.077451026654628e-03
-5.048846721233542e+00
1.114787071355273e-03
-4.713514486120735e-04
-1.085679650211505e+01
1.924024564649922e-04
-4.367582616422128e-05
3.319513560801580e-02
4.120766702981646e-04
-1.777749266398988e-04
2.260348297277070e-02
3.288258470775119e+01
2.243142984069136e-03
-2.422956315976118e-01
-1.950192416780188e-04
5.942312489682721e-07
5.281110826038975e-06
-1.026894335889846e-02
2.490749040551720e-02
2.310867104458873e+00
3.083625463642620e-01
8.922214313151730e-03
8.839467362278583e-05
-1.029078582677649e-05
-1.596815523546790e-01
3.209195172472535e+00
1.458343391048638e-01
2.226528092147217e+00
-7.889460391438797e-04
1.597820797584838e-03
-7.721057782278869e+00
9.436822584536977e-02
1.731842396957932e-03
-2.236311879937455e-01
1.420068292522103e-03
1.293894141829392e-02
8.209890231678226e-04
1.746325750745570e+00
-9.892443199544815e-03
3.407223311197791e-03
-2.250966418410957e-02
-1.173827711838847e-02
4.770103248490420e-03
2.875583307832104e-05
2.166113200210122e-02
-1.401617053121569e-03
1.472029509723445e-01
3.672450564021950e+02
-5.867532466408573e-04
-1.413931293146557e-01
-6.782268056940044e-03
-8.644747413367534e-02
1.445447342514898e-03
3.937129625638160e-04
-2.644947356513260e-05
8.124176804465670e-03
1.319326885298167e-03
4.014714327079334e-07
3.876455229433996e+00
-5.595846875485392e-03
-1.582904324782719e-03
9.636818459849728e-06
1.291048148142979e-03
-2.762661803494461e-01
1.754935402233832e-04
4.828109451525454e-01
6.686615348307344e-04
2.899491838777281e-01
-1.523062885355259e-01
-2.468978851257849e-01
3.904469599878820e-02
-1.624549688638594e-01
6.464069562062007e+00
-3.830600088695196e-02
-1.106593070048320e-02
1.030734098087549e+00
-4.861081174894111e-01
5.012807134782604e-05
-1.699144315109656e-01
7.059432218223725e-05
-1.274973035703256e-05
-9.216118031947754e-04
3.632037799517516e-02
1.199330488561231e-02
3.519799504436180e-03
-5.099968600861603e-05
-1.151899686532526e-02
-3.509788855777051e-03
-6.862990895658950e-04
-1.939712501571155e-02
1.844466095247017e-02
7.706564646483765e-06
3.554908248756979e-05
-7.961420247663038e-01
-6.526224522976539e-01
-3.705491619394253e-03
-2.521984409695429e-01
3.238004181138071e-03
-2.871225768003647e-05
-8.463198987292835e-02
1.035306483427620e-05
2.558974491307626e-04
3.084600272759490e-04
4.891182076741600e-02
-1.891940338801467e-02
5.218022955356488e-06
-1.306717562120026e-02
5.792721516507682e-02
-7.013963783912790e-04
9.151522087250515e-03
4.969650730551329e-04
5.300773290209737e-04
4.980268770553536e-02
-1.309432615276953e-02
-1.674349768314688e+00
-3.261613610980890e-04
7.380442133184306e-05
1.015181535063829e-01
2.115472039571196e-03
-2.876553627894014e-04
3.049253869390396e-01
4.705226615379876e-01
7.677351504598948e-05
1.896050274431841e-01
-5.158531700125977e-03
-6.135957827932360e-01
1.346404638982960e-03
-5.365834454117599e-04
-2.057265215698096e-05
1.200814643407702e-01
1.657464026934692e-03
-1.330524401663950e-01
-3.694254003361775e-01
-1.458900028285083e+00
-6.540847779054053e-03
-6.543614998613310e-04
-4.139489360198516e-04
3.647606519097495e-02
4.593556014148528e-04
1.581368769069873e-02
-1.435675620667294e+00
3.017267136835424e+00
3.994961175219900e-05
-5.232121181397233e-01
3.046271485372922e-03
-6.485004599122221e-03
9.279808732334305e-01
2.718217008966783e-06
-6.097866568242866e-02
-6.478256182586995e-03
-8.794167789912202e-02
1.638007163995053e-02
2.482109349841622e+00
1.618102476437801e-02
-4.256930263049352e-04
-2.547251711464108e-02
-2.602412375180769e-05
-2.518329563408307e-01
-7.124443781229156e-02
2.159737641186234e-06
1.130216666615459e-04
-4.470337399301039e-02
1.329141348857374e-03
-9.064868086353810e-03
1.784339942973727e-04
-6.275901903440772e-03
-4.593955553612246e-03
-6.488521600704249e+00
-4.515324734657293e-04
-6.806877984329709e-03
1.831550769989476e-01
2.266673492482892e-01
5.604787241057957e-03
7.584637543904546e-03
9.506085949718177e-03
-3.535859956220959e+00
-8.214400317787006e-02
4.410397669955319e-03
-1.242703808395966e-05
2.335935584366129e+00
-6.665118470178352e+01
-3.012215354607096e-05
-2.555917938800340e-02
2.805622684987736e-01
8.979179946890669e-03
8.868986852286263e-03
-1.961093046001048e-05
-1.376776259321184e-01
2.151574716824544e-02
6.663782316264197e-02
-3.284084756436272e-02
-3.615079739384409e-01
5.441357798916038e-02
2.395285550400145e-05
2.313180829991885e-02
-6.889790843241657e-03
-1.025078616039006e+00
3.774094533062318e-03
1.258037083981237e-01
1.503695222270691e-03
-3.788755098472730e-01
1.484187905648426e-04
-7.230895356874254e-03
2.530623838235945e-02
-1.015856337134151e-03
1.423095416492675e-04
-1.889017874543023e-03
8.423198877281230e-04
3.856697025677837e-04
8.633796103829693e-01
2.679378147073841e-03
9.957647917893856e-01
-5.392118662636212e-05
-6.244490779942901e-01
-1.454534280040678e-03
-3.994879661653510e-03
-1.295284756445989e-03
-5.323397115673975e-01
-4.796680288175956e-03
2.348088914832506e-04
1.627814681140368e-02
3.880508035317256e-04
-8.815222356969836e-04
-1.265649048665591e-02
-1.922532432457763e-02
-7.507671732059012e-03
3.324561264649779e-03
-5.605400954327900e-03
2.960223510719285e-04
1.544360275027162e-01
2.337161155793112e-01
5.699905967003729e-03
-1.835477911808216e-02
1.180223724772579e-02
-1.784309860447264e-01
1.976766612108545e-05
1.092981505190405e-02
-2.821460458624201e-05
-1.605302448712307e+01
5.452959652586077e-03
4.361603045699249e-03
-2.107960402904004e+00
-8.013181679601610e-01
-2.432887402729050e-04
2.633993254832492e-02
1.334587904531899e-03
1.231182235604401e+00
-4.326720206004945e-04
-1.189074370828631e-05
-3.264497485201375e-02
-3.846434985253759e-04
5.816652517114500e-06
5.280155830462495e-03
2.082818408165829e-03
2.466093893185976e-01
7.581013429572280e-03
-8.908307605054819e-03
1.732692510278522e-03
1.361766709028931e-02
-5.156076332701696e+01
2.479054559108925e-04
-7.782165524223761e-02
6.155474815628554e-03
-1.379232056953193e-01
-4.060808765340828e-03
-9.047362248715319e+01
1.149785036240860e-01
4.792186773514739e-01
-3.235194870513720e-03
5.354262477531531e-01
-1.541298337522040e-02
-4.962376194462163e-02
-4.688415909506118e-05
-1.419240255200387e-02
-1.826937444825289e-02
-4.619812972376491e-03
-1.671522046946085e-03
1.742929674959184e-03
1.041070137021157e-01
1.381370510113305e-03
1.630653098679713e-02
1.214979298572396e+00
1.596613038077158e+00
8.180926838731636e-03
-1.066297933015512e-03
-2.562700835566306e-02
-1.078806838463861e-02
-1.046202425202740e-01
-3.412855581081221e-01
7.054602184677956e-03
1.625528588185123e-03
-1.627274175136586e+00
4.686404798585854e-02
5.291411143083633e-03
-1.642468136385889e-04
5.763527199238773e-03
2.265317725663382e-04
-1.129202848170786e-04
2.157113299900552e-01
9.341683083659338e-02
-1.193900166029708e+00
7.746666356713864e-01
-5.826703953313268e-01
4.497413491268739e-05
1.470495284755903e-02
1.830891675983096e-01
8.269124846300811e-02
-2.235674777777721e-03
-1.750813134524169e-04
-5.280912760159224e-03
2.207773024260830e-04
1.065098658799100e-01
7.054406193395081e-08
-8.268222138799597e-03
2.237458829795336e+00
1.323192112290323e-03
4.083697862132222e+00
-2.457215301780024e-03
-2.430396875138935e-03
-4.732071189092751e-04
3.751716921290064e-02
5.905958385075047e-01
-3.782276470604357e-05
1.116721828234446e-04
1.186201902637109e-01
-4.209108608147888e-05
-2.866061826542831e-03
7.869954051883255e-04
1.338967794631875e+00
-1.223820365303631e+01
5.896351494114885e-05
1.060778459477091e+00
-8.893606931527930e-03
-2.276121079578961e-02
3.375147766202534e-01
2.266969397999622e-03
-2.843326844146973e-04
3.780548111205722e-06
2.386175891141359e-03
-1.867876429575267e-02
7.895942387877771e-03
-6.163495058764554e-02
5.287159835334911e-02
5.879985623460723e-04
-4.119948697958994e-03
-9.292121009790655e-06
-2.749104075515548e-01
9.965689311633807e-03
-2.596222793776296e-03
-3.949608274159451e-06
-2.095227995672778e-05
-2.825198878522434e-05
-1.747802593458636e-01
-1.639074122037789e+00
3.733923519130896e-01
1.394719678717448e-01
-1.112182746473173e-04
3.104196703313253e-01
-1.693753982583415e-04
1.931219921417245e-01
-1.394608733255205e-03
-1.922495213037380e-02
6.386206588598348e-01
5.877254958143347e-03
-1.388086994188272e-02
-1.000620800265004e-01
-1.408954821397888e-03
1.193837730492508e-02
-2.915767402759889e-02
-1.735230717418933e-03
-1.459438165631203e-03
1.632748025155274e+00
-1.167596895462528e-02
-8.133539370299185e-04
7.847869824370679e-02
5.514287262972082e-03
-3.133721062578377e-03
-2.964000575450553e-02
6.277745417397974e-01
5.117382559260787e+00
-8.473664250382710e-04
-1.363638110892444e-02
-1.360743774514183e+00
2.770895649047665e-01
8.605671273673804e-02
-2.064809545606958e-02
1.274720372608783e+00
-1.647448118143435e-02
-5.756564436671633e-03
8.569595791471745e-03
-1.635697668158984e-03
2.326285149470588e-01
-1.402018440598333e-02
-8.861092349651200e-03
-6.957755670477450e-02
-4.765774848732274e-04
-5.907303747901664e-04
2.339227064942341e+00
-1.603530305309728e-02
-8.829154360382844e+00
1.633641877866509e-03
-8.209480524533850e-03
1.475198074282883e-03
-1.015244177004688e-01
-4.270789368302513e-05
-6.649297652965528e-03
-1.430141977353273e+00
2.401227760814813e-02
-7.255125954878228e-05
-1.255560751361596e-02
-4.002875268061526e-01
-1.648699900513274e-02
-1.043292107577626e-02
1.083450048553658e-03
1.819539165284939e-04
-3.037404107491228e-01
3.067532022242927e-04
-4.256485143805450e-05
-1.399791865288850e+00
4.600769073964865e-03
4.485706305156276e+00
1.970989917684695e-03
6.724088241669421e-06
-8.628467111894492e-06
-4.963765129631134e-03
-3.123883129674320e-02
1.227091299397111e-03
-4.929598173578241e-01
-3.862973716214412e-03
-7.080096594011663e-03
-1.245141279412540e+00
-2.517199933126035e-04
-1.065232675583383e-03
1.423255483423857e-05
-3.353644898927196e-04
6.648166345243618e-05
-1.464654214633151e-03
-3.508956701255576e-04
5.112880566414265e-04
-7.943836529404178e-04
-5.783269629562178e-04
1.405481444227184e-03
-2.734471166140158e-04
-1.395305721200883e-04
-8.679374370559467e-05
1.873125396116224e-02
1.527368440859647e-01
1.870516177238526e-04
-8.558969518777227e-05
2.867910091737166e-01
1.488066102936317e-03
-4.065089350045351e-02
4.268565305878910e+00
1.341571584016919e-03
-1.310004204054216e-01
4.135650116236581e-03
-1.175697256949589e-03
1.524658539450967e-02
-1.260801929442151e-01
1.087310195201760e+00
2.090379584166102e-01
4.165926255035404e-02
-3.208400966041196e-03
2.606879875971289e-02
2.094641740641587e+00
-3.008274903815416e-02
-2.375882627722667e-01
-3.500363236667622e-05
-1.223284431410073e-01
-7.430756856496685e+00
5.469519857490401e-01
2.628032124641740e-04
5.959324632203538e-02
-2.397646034017072e-03
-3.243367401686930e-04
-1.028325870640707e-03
1.837767175453404e+01
1.039605235403777e-02
6.878839167168552e-03
-6.202366629457099e-05
-1.168979014420234e-06
-2.839316127762843e-02
8.182347952162487e-04
5.228511895247676e-04
4.293337978872934e+00
-1.804305216848051e-03
1.729290269281580e-01
-1.190690256555894e-02
1.157699642282782e-01
-3.504515483465939e-01
2.013217420875065e-06
4.256161511798501e-08
-2.710401035477828e-02
-6.010496481294572e-03
-4.153103116608656e+00
1.797522282691486e-03
-1.766307529277508e-01
2.232704660261162e-03
-6.043902656336540e-03
1.282742565972645e-01
1.482022663516851e-03
1.194081617134266e-03
6.390699134332161e-03
6.556088456689214e-02
-2.558657088317066e-02
1.708718532791479e+02
-1.215521016629062e-02
5.713959102174716e-02
-8.742964350813881e-02
-6.054629140471474e-05
9.982890232377344e-01
2.586015337367768e-07
8.764439692118748e+00
3.525181078329456e-01
-2.488386525299955e-03
-1.154494698788315e+01
-1.505052300595695e-02
-9.108841549237075e-06
-3.298870162796504e-02
-2.477289594159665e-02
1.396402539946179e-02
-1.003691361704384e-03
-1.994902639537044e-02
-1.480879145867079e+00
1.687691836031563e-01
5.994579553317057e-02
-6.040628447177239e-01
1.481693427007279e+00
2.889667373981614e-06
3.093587706499679e-01
-9.459420980467510e-06
3.648208046278082e-06
-5.677413697811515e-03
-7.366049127046375e-04
-3.762193271600768e-03
1.871630566984024e-04
-2.722979777145416e-04
-4.383919758201664e-02
-3.908435490695013e-01
1.835863765989032e-03
1.600390919279979e-06
-2.678914848764910e-03
-2.108759843249735e+00
1.295409494071124e-05
-2.250992612301534e-03
5.403922524709091e-01
2.368785406162133e-04
1.051454418884299e-05
4.189032127582912e-02
-3.178843446804750e-04
2.643984446137821e-03
-7.281708431527403e-02
1.060500909387725e-05
-1.805781890017749e-01
-1.447763927106075e-04
-5.550564423335151e-06
4.534592536904600e+00
-8.188067280227889e-01
1.350824657376637e-01
-3.648224361852535e-03
-4.333111968022139e+00
4.773789580959048e-03
-1.432139206300666e-04
-8.147283048166754e-03
-7.042451234711724e-04
-2.099141067261872e-04
4.594605955569223e-02
2.232027951507951e-02
2.390177361774452e-02
2.105051195280451e-04
1.317905821011319e-02
-1.521254020397153e-01
-9.373492465814705e-05
-9.193165649382442e-04
-1.576755909335790e-04
1.321021023292912e-03
-3.793559094013590e-02
-1.787582218231110e-01
-3.002986370050194e-01
-2.779259792458108e-05
-1.789724905733389e-02
-3.960678535693930e-04
1.108090031615876e-01
-2.179401716977826e-02
3.731140997719169e-03
5.540207183323814e-06
-2.029676300049034e-03
-5.770842794917886e-02
8.564186765907414e-02
9.559532756197110e-04
-1.844049636446182e-04
1.309545339420566e-01
-5.725547384137460e-06
-9.914809540715126e-05
6.168021179363673e-02
-1.055736938580727e-02
3.951518419562761e-03
-5.202331048910821e-05
-3.883020331708582e-07
3.071869369586044e-02
3.867103489374929e-03
-1.954788465162277e+01
8.653950910912250e-05
-3.746999237881555e-03
6.648672033273083e-04
1.535060244673994e-01
-4.580380932818228e-03
2.987871390740162e-02
3.094456884323505e-02
-1.236948286880765e-03
-1.473950267447035e-04
-5.489893359740974e-02
-5.073756737586185e-03
4.433903299661859e-03
1.181110425074388e+00
-8.783137053582978e-04
2.767226288121462e-03
-1.227942324438736e+02
-2.176832844757821e-01
-2.056748699581423e-01
7.556205385833197e-04
-9.134560209934387e-03
6.023327168972235e-02
1.053880719226154e+00
3.764243862761237e-02
1.144095646614545e-01
7.997653259262591e-03
-2.199134870237021e-01
4.317634918090128e-02
-9.514951481575192e-05
-6.348068449000968e-03
3.502982856608608e-04
-2.091919258338651e-02
1.976909042898617e-04
-6.999942290140200e-03
5.833038754339250e-03
-6.323413276353104e-06
5.037280993992991e-05
9.903625793985420e-04
-1.512116880954711e-02
-9.996955055189547e-03
-1.242398128251655e-02
1.823608527110550e+01
5.263419058858090e-06
9.897585776050483e-03
-1.807716826323406e-05
-5.464750632323662e-04
-1.908955682296611e-01
-1.359875422208363e-02
9.466493039536993e-05
2.034859801810017e+00
-2.943441909468811e-02
8.762494204876511e-06
-3.452967496289941e-04
-2.378684503429518e-03
-4.088491592960596e-01
-4.364639607071505e-02
-9.960352721753468e-02
3.390034455296408e+00
9.165130993069556e+01
3.532939314557795e-05
-2.187500963758753e-01
-1.126348158598700e+01
-2.729298357373458e-02
-1.935874134596588e+01
-2.404253082047922e+01
-1.110328078468787e-02
-8.830581343881652e-02
1.280562636103820e+00
-8.986390625491399e-04
1.977954607078070e-03
4.067926567569265e+00
3.560359725409643e-06
3.167210588460010e-02
2.096525255737957e-01
-1.116063487883462e+00
-1.904506054354361e-01
-1.348611265140849e-05
-1.016849119114095e-03
2.728658181033070e-01
1.028133542206679e-03
9.083639256299941e-02
5.635140474492614e-03
4.506369908813874e-01
-1.382670291796358e-05
-1.437271339623839e+00
1.409557285642735e-04
3.272306224402889e-03
-2.063038781562531e-04
1.329208334615924e-02
6.852177355241008e-01
6.509026078943498e-01
-2.925262036260085e-04
-6.737895198416749e-03
-3.273473550265927e-05
3.962146821111449e-03
2.530278315442522e+03
1.015303560861634e-03
5.131605837354424e-04
5.837322587685091e-02
1.261341346944652e-02
-4.452442186937145e+00
1.661051234926228e-03
9.767515542449363e-01
-1.243046177571936e-01
1.283900694308419e-03
1.297686358657478e-03
-3.558862997501688e-04
-4.524432802537338e-04
4.134979407521148e-01
8.536943763279958e-02
7.948839218058366e-02
6.261108207153436e+00
2.907717579348372e-03
7.013704370740713e-01
6.272505055225262e-02
5.318841222852230e-04
-3.218153237236781e-07
-7.641783724080241e-01
-3.469743757591199e-01
4.004283160685250e-04
7.964841679815700e-04
-4.672563812048555e-06
-2.515086885155650e-02
1.136639830920966e-04
-6.766424513503431e-02
2.768562736877531e-02
-7.080238483159058e-04
1.523878412599274e-01
-4.232295839158166e-01
1.719122055748142e-01
-2.563683965428698e-03
-1.312334423809836e-01
-1.563640901592393e-03
5.899892973996177e-03
-1.301887982498764e-02
-5.444772577334350e-02
2.201664320482747e-03
-2.687828133952126e+00
8.499370669914449e-02
-3.270041292854394e+00
-1.484872485870459e-03
5.982200767088282e-03
-4.303653219730686e-04
1.867916561209645e+00
-3.543029389986906e-02
4.088155435557889e-05
-2.642153624649929e-03
-8.670699009860211e-01
-5.245314397866701e-03
6.247576219351630e-05
2.644216328569799e+00
-2.135367104069422e+00
6.299602742999157e-02
-3.608731712642353e-02
2.228175583250634e-04
-2.669330563163466e-04
-3.446748060139283e-04
4.313064346929865e-03
-1.224208636050818e+00
2.659600692764864e-02
2.023496515957863e-02
-6.353666275304563e-03
-6.922186826789098e-01
3.727148251359355e-03
5.240181443185182e-06
8.821685169575388e-02
-1.816516753379001e-04
4.343745884742073e-06
2.641691262735467e-03
-5.781579195423243e+00
3.912145830251408e-01
-2.620995104950928e-04
-6.889832740747157e-05
1.402959837574866e-04
8.052192885302404e-01
1.048366919350960e-02
3.064383166711765e-02
-9.999187654202317e-05
3.195964622391465e-02
6.261149057991037e-01
8.703426965396460e-04
5.175278569578582e-05
1.413703563571033e+00
-4.702222569223468e-04
-6.643462875109121e-02
3.877267773737178e-02
-9.094900119064259e-06
-3.401068989400524e-03
1.701313822452310e-05
-1.140749617409614e-02
-1.628431390182755e+02
-3.469358130423353e-02
-6.490042582869578e-02
2.422256900361109e-02
4.239099848681337e+01
-6.766074089623053e-04
-6.822626038115233e-05
4.623635358246517e-01
8.892878166946960e-03
6.726054292205381e-03
-3.190225335448106e+00
2.571272313932667e-04
-7.663064423477513e-02
8.248843520526067e-02
-3.428705571570838e-07
3.159251029342636e+02
7.505830302214325e-05
4.158924494544270e-02
1.295401342926728e-03
2.742092630510779e-02
-1.391474301325844e+00
3.928937255381047e-02
-6.350414491415770e-04
-7.741791277068927e-02
7.728525222335600e-03
-1.953521840423389e-05
2.446133448337518e-05
3.746718113050758e-07
1.181292287283047e-03
4.380970017998108e-02
9.202249105687608e-05
-4.352891423501378e-04
2.315014531846596e-03
-4.335484904933259e-05
-1.377204642228676e-06
-4.739267229803254e-03
-9.414560055275375e-01
9.038241704085714e-03
1.906301145961868e-04
-8.069298223291855e-01
-6.139123749055156e-02
6.906803993883853e-05
1.665885922379002e-06
-7.994774560919132e-03
-5.841476340732206e-03
-3.514881044990822e+00
1.505046413611748e-04
-2.421196370725271e+00
2.171625788840446e-02
-9.069871608235948e-02
-2.490515480062926e-06
6.830895680609428e-03
3.314618189178719e+01
8.109952556267551e-04
7.842325300854552e-02
5.315651200505012e-02
7.311047101963435e-02
9.932100786102336e-01
2.859877147454964e-02
-2.471991418645745e-05
-3.344602768105251e-01
7.037413805274741e+00
3.604373925118142e-05
4.657634935949501e-03
-5.089551376776048e-01
-2.403250017064715e-03
1.342646606234432e-03
3.600740592976590e-04
-4.533786388797066e-04
-8.784534330507900e-02
-4.977168510830892e+00
1.124150980055328e-02
7.739567004375530e-02
3.942358403678303e-02
-5.820751249838008e-01
-5.275919204469631e-03
-3.027491458772191e+00
3.851208429348228e-01
9.155782745588295e+00
4.036337721823729e-03
-1.303007087349390e-02
-1.282502917589613e-02
-9.781868327824405e-05
5.479168993751998e-05
1.478177792048700e-04
-4.328980032356053e-02
-1.093302993672562e-01
2.308793149478188e-04
-1.596726119370612e-01
5.063055960935650e+00
2.448030308471235e+00
8.757509734303298e-04
1.436142707731553e-04
3.197709587080546e-03
-1.737795833804670e-02
-3.309676378800773e-01
-1.343874380994418e+00
-1.459820921965153e-02
1.196525398409327e-02
-3.600192135861695e-05
5.053242159443367e-01
6.811012259909347e-01
5.565913703510046e-01
-4.434095885282901e-03
4.877379024307526e-05
4.613890148013424e-05
-1.701503042255547e-01
-6.935176332342006e-03
2.270941751581421e-01
1.623463360039693e-01
-1.026599240941493e+00
-5.036864302165352e-05
1.008966945634748e-05
4.451599814471435e-04
1.865882042276208e-03
2.252570005355600e-02
5.168561729680070e+00
-1.535589146578211e-02
-7.836285440288798e-02
-1.366788356427246e-04
1.339947358643842e-01
1.072359985167143e-05
1.104568628804237e-02
-3.092944335157959e-01
2.860028104352806e-03
-2.726809861802427e-04
1.239410699949260e-03
-7.957059471216538e-06
-1.115361666311468e-04
7.635699234532735e-04
-7.276510716281633e-05
7.519858311357866e-04
1.230020630090832e-03
6.176660211042540e-03
-1.458551696849744e-02
-1.846695148975047e-04
1.334761862854145e+00
4.551091482927741e-05
2.085850602608387e-03
-3.449091711312804e-06
-1.308714586214046e-04
1.938463335834310e-01
-3.275825571721340e-01
-4.374330829824355e-03
-2.184304569487627e-04
-1.511343837958312e-04
-2.731171868523175e-03
-3.675712335137896e-03
1.373116199306764e-03
-9.584754583184845e-07
1.006977930385349e-02
-4.614347341317791e-03
2.778405812251302e-04
-1.547232165468916e-02
2.807743569251880e-02
1.300922897247966e-03
-4.856155574254673e-02
1.881253674805678e-02
1.746191077636485e+00
-1.513105612967017e+00
-9.388446007391593e-01
-7.245127038805069e-07
3.992034154874976e-03
-3.357804155254513e+00
7.315386129714095e-02
4.647101280448695e-03
-4.357350646199563e-04
-5.362912983247943e-01
-2.169831887370890e-02
-5.711297701087656e-04
-7.524503480454985e-01
-5.046112607992391e-02
1.082914333421893e-02
1.588984082919077e+00
-7.036128343495930e-03
1.827639290855356e-03
4.231509077686386e-02
1.949520642022539e-03
3.339025818529654e-01
-4.549887861080169e-02
5.253613163847192e-03
-4.712462205203641e-04
1.893554183956295e-02
3.842631018078324e-07
-1.178826143698686e-01
-2.838370216602208e-02
7.492557833546497e-02
-2.213140840010300e-04
1.764218326137048e-03
-1.336163472955223e-05
-6.915265757993949e-05
1.917951671602019e-03
2.007810977316930e+00
6.826053701898361e-04
1.305953014998882e-04
1.159726179309570e-02
-7.063776905428709e-02
-3.763588803549377e-05
-8.360257560316801e-02
-5.794198167900735e-05
4.758653388209774e+01
-1.128114907569260e+00
1.308048457789182e-01
2.307579560035155e+00
2.965405256441382e-06
1.884858290759436e-03
-4.997282952427019e-03
4.045162740784636e-02
6.696084305186265e-01
2.298421467894456e-04
-1.944228353361242e-01
8.537814989796370e-02
-2.816020816789189e-05
-7.740535534553099e-07
-4.597274476512674e-02
-3.334541954177229e-02
1.049899301401049e-03
3.221528766924247e-02
-1.949323310724671e-05
-2.926634737201088e-04
-4.929746436581095e-03
2.998702382515427e-05
1.302867047028608e+01
1.803793633344931e-05
-1.165268619091942e-04
9.662620089205017e-06
-1.833181487233786e-02
4.268183014711146e-02
-3.525643267555744e-02
1.029374237324916e-02
-9.090426540611480e+00
-3.550208757529316e-02
1.109433033964993e-02
-1.434294041702872e-02
-2.167229385276271e-03
-6.588506166494157e-04
-5.189943703965211e-03
1.372630418836746e-04
4.833792909271623e-04
-2.497161648371724e-06
1.080918759648265e-01
-6.477248728154641e-03
1.055054481416295e+00
-2.619915175331361e-07
-2.298077229659958e+01
4.462710238334665e+01
-1.197319737611496e-01
8.050668199604906e-06
3.372472072514155e-04
-5.665291318236154e-04
-2.783036185180512e-03
-9.354275887074756e-02
4.781289528183560e-03
-9.337786353457224e-04
6.086767547537127e-03
-2.041613605433471e-01
-1.244627222358245e+01
7.361149002718403e-03
-3.064845963540751e+01
-1.397230102044617e+00
-1.760301293974484e-03
-3.037715726905645e-05
-5.573595095574310e-02
1.369827537034167e-02
-4.711562129400897e-03
2.261402937481878e-01
-1.332029238255055e-01
-2.840683052635484e-01
4.612333942302090e-04
1.901065753121572e-01
-2.320646212341445e-02
-7.466619282133911e-01
-5.204403107604168e-02
5.191701010989613e+00
9.632779484653972e-05
-1.120929862880917e-01
3.775509206763301e-05
-1.180057166439504e-01
3.135306626283962e-02
1.225380188130531e-03
-3.031358070324469e-05
-6.630442178232903e-01
-3.325485842296099e-03
-3.654432297016983e-03
1.242478321862840e-02
3.193760624720264e-04
4.025178362626341e-03
-8.031853320851056e-06
6.476431532101510e-01
-3.181489897649716e-05
-1.350854446221758e-02
-7.514542172438716e-05
3.071296050135227e-04
4.556189921142628e-01
8.796506971427717e-05
1.269905297039557e-04
1.334148180673563e-03
-2.848919328511869e-02
-1.513796332106520e-02
-6.338582506370926e-03
2.643227603087244e-01
-1.333061496959462e-03
-2.769087682176023e+00
2.803359134793711e-01
-2.554168200984632e-04
3.986096184748458e-02
6.112407645171776e-03
-1.138633171773326e-03
2.315980067120818e-02
-2.954543069529399e-02
1.082910224177959e-05
-3.360878194779797e-02
-4.111114069075446e-01
2.121288427469267e-03
5.381005114849613e+01
-1.785326710076547e+00
-1.921152122273019e-02
9.627236134909829e-04
-2.810525069691517e-03
5.882693801661937e+00
-5.313546114899956e-03
-1.677046890479441e-01
1.667138415457711e-02
-2.212424079289204e-04
1.039629340741209e-04
-3.724831180987599e-04
-2.667780405316513e-02
-8.597991525446749e-01
-1.609592363196186e-02
-5.805972356875312e-04
4.473163324955267e-03
6.672180806322117e-01
-6.438795901907582e-03
7.477022982417713e-01
3.269227853121132e-06
4.092424288965130e-02
1.706680351695582e-02
4.876285726149709e-02
2.467658545975897e-01
1.917549505734509e-04
-1.206158131263012e+00
3.894622197064316e-06
1.141742281056435e-03
2.791447527395806e-01
-8.016982394338122e-03
5.140599394140126e-04
-1.247341546091310e-02
4.432464366049391e-07
-5.265676360790643e-03
-8.097424069199924e-01
1.565280518635417e-01
-3.797775271993883e-03
-3.359732545337915e+01
-4.996416438640514e-04
2.937266715637414e+01
1.014868203251166e-04
-7.886098829553470e-03
6.254574346979013e-04
-1.420367244356537e-03
-5.655935001765762e-01
2.560969566404309e-03
3.031039226985671e-04
8.941056904718272e-01
1.482222130546230e-05
-2.962757981420617e-06
-1.443958920024177e-04
2.628836911346962e-02
-8.465066643520282e-03
8.379315567237340e-02
1.079017447140498e-04
2.348491708970660e-06
2.139132375452347e-01
5.771493970662822e-04
-2.257879009907065e-01
2.527132836236929e+01
1.352961940092144e-04
1.807532501457819e+00
1.763610576880821e+00
-4.466395669200543e-01
5.338877698961775e-03
8.306714529669046e-03
1.031795138570380e+01
2.480001490168473e-04
1.699194780556591e-02
-2.366237794797862e-04
-1.216080239760131e-01
-3.532083031710073e-03
-3.150142427242632e-04
-3.585227861885038e-04
-3.366510336757987e-01
-1.409677823163993e-01
-6.645671600675207e-03
3.504411148545135e-02
-8.069013728757735e-02
4.685949427310207e+00
-6.812445563994404e-06
3.823688494669977e-02
-6.157677590245957e-03
1.474375672960307e-01
8.900711287721169e-02
7.510327509965396e-05
-5.866287933759252e-02
9.945921772390177e-05
3.417487497532643e-04
-1.298496992583133e-03
-9.971290035203303e-01
-9.153791107637028e+00
-1.520915118811679e-02
8.523141963625282e-03
8.886552485154828e-06
4.469578659979990e-01
1.186156454172252e-04
-2.961479116294672e-02
1.043840501832193e+00
8.688791527243186e-04
1.216209253636065e-06
1.676647791348503e+01
-4.035907786092469e-02
2.127154395099815e-02
7.040121897439849e-03
4.356795450210080e-02
1.338045885620567e-01
-8.444485325109445e-05
2.056672363913696e-06
-2.194823868311132e-03
-1.503106714646630e-02
-1.640450793174327e-02
-1.321677208189110e+00
-1.930052469750126e+00
1.860548010484338e-02
6.449066194029005e-03
-1.567967808225707e-02
-3.020230087602860e-05
3.898531960932167e-03
-9.749636586465903e-03
3.751250593900964e-03
4.927079177693111e-06
1.960869411191378e-02
4.774415332730522e-06
-1.062748530362308e-01
9.392961054485357e-03
-4.207840250376519e-03
-2.635701522082597e-05
-8.272344110769533e-04
1.077261691777745e-05
-1.257235648685430e-02
-9.342057144102974e+00
1.128249225616349e-03
3.640460055698394e-01
-6.964948790636272e-04
1.705506032238325e-05
1.079568778053934e-01
4.234052202274900e-01
-9.528385758673165e-03
-1.321223452621998e-04
1.070121478128777e+01
2.951296811937812e-02
3.075245541853491e+01
-5.813667988666482e-05
2.867414406618999e-02
1.094009520929575e-01
-2.054695065448459e-02
-9.252693305175575e-03
-2.165130823203678e-04
3.814068627206342e-01
9.611433264554367e-02
-1.453602682475777e-02
-2.609186090112799e-02
-1.452446605954644e-01
-3.468734706183960e+01
-5.589866200029574e-01
4.124396806780980e-04
-5.739872636078084e-04
-1.566939856078146e+01
-6.639137043502179e-02
-6.888254866413188e+00
1.258051076354099e-03
5.382589999177923e+02
1.005863987614585e-05
-5.009924270851864e+00
-2.937728673081526e-03
6.288473733896997e-03
-9.063263199261809e-02
1.851381911289764e-04
2.071457521244426e-01
-5.706198077094089e-04
-2.128711000494493e+01
-9.283081439236678e-04
7.610411746106885e-02
-2.280934413294368e-06
-4.405756896664647e-01
-9.843393767808792e-02
8.537988045181470e+01
2.827257628631543e-05
-7.858174064486668e-07
-1.628395608679125e-02
4.030748225122341e+00
7.681220532869745e-02
-3.124336177948569e-05
-1.830872927561850e-03
1.242710789934650e+02
-6.938577841985561e-01
1.284368714378210e-05
3.256717520361331e-04
7.844966362103957e-04
-4.672262362222999e-01
-2.954063338250815e-02
1.097684200147923e-02
-1.818423358229595e-02
-7.785832698060685e-01
4.859412626043233e-04
4.038784899105512e+00
-1.366620699714087e-04
-5.837393290253557e-02
6.271784423213571e+00
-6.272830312712056e-02
-6.204572372670589e-02
1.493964643333458e+00
-6.281576101108310e-02
-1.282140997516795e-01
-5.843616672021487e-02
7.055710742538092e+01
-4.168844037899207e-05
-3.014727074937863e-03
-4.973175114100291e-01
-4.491583248435099e+00
-4.044501908970202e-03
1.324507273940877e-02
5.960764947819724e-01
-3.321124478359342e-05
4.792770686476244e-03
1.239546606721917e+00
3.653319613291427e-03
2.205535893191164e-03
3.177134609182388e-01
-1.832812744454163e-01
-4.513725724394106e-03
1.496328292245211e+00
-1.002814232191226e-02
-1.779693166623187e-02
-8.830619810368199e-04
1.419444745815038e-03
-5.995419565190309e-02
1.647283889929119e-01
1.017974475879814e-01
-2.390496793657185e-02
1.007037705536211e+00
-1.148820239941236e+00
-4.091569024982945e-02
7.530904829726737e-03
5.073721479965466e-02
-5.853976544211021e+00
-2.442982688990434e-03
1.627031891369656e-04
7.273494412535548e-05
4.164717043409434e-04
5.486159664870988e-02
3.021297150345172e-01
2.353548203397369e-04
-9.003951699994613e-02
7.226154509650871e-02
3.748111485650929e-04
-9.214525040429098e-05
-2.190548874329213e-02
-3.206346396265874e-07
2.808958208745321e+00
-3.287115723935307e-01
-8.720921538342152e+01
1.798134923239175e-02
-7.425645433433291e-01
-4.318054292846379e-01
9.798300896002303e-02
-8.283189391891394e-03
1.972598941992843e-01
1.864824097332858e-03
-2.273122461610590e-02
-1.366264527308042e-02
1.368443468056792e-01
-2.691887839848844e-01
-3.075784420895874e-05
6.698886608969435e-01
-1.262275285776743e-02
1.158311062466757e+01
-1.287241408604414e+00
-4.958492801058650e-02
2.475845793482345e-01
-3.407703740300625e+00
1.543134454981965e-03
1.014088315930241e-01
-9.860764084000296e+00
2.535079556273763e-02
-4.248063849338225e-03
3.483635304259557e-02
-1.987087884887699e-03
-1.076906917237516e+00
-8.727720430318546e-03
2.503124364175882e+00
4.150697161691074e-03
-2.822011381141772e-03
1.439705773246469e-03
-2.747236538328813e-02
8.759192427971693e-01
4.854164957138046e-03
-6.487634397437221e-02
-9.110888909836735e-05
5.947811283382110e+00
-1.838950612322872e+00
1.627020957428173e-07
2.666525608261905e+02
-8.506475023381916e-01
-2.659136340620612e-02
-8.800735828172180e-04
-2.386051649902979e+01
-5.733823014737573e-02
-7.237508335426387e-01
-2.122971342642908e-01
-2.053632627416976e+00
7.315217571246986e+00
4.434912695466015e+00
-3.158915380992580e+00
-2.495221750199375e+00
-3.061955646475188e+00
5.902027250337677e-03
2.189417662057777e-04
3.421276426714676e-04
2.147220263564910e-06
8.397553581482945e-04
-5.514639232011198e-01
2.373169995979885e+00
1.091040014077902e-01
-5.750998446698316e-04
2.533358403194882e+00
-7.805321589359908e-02
-1.145864451164324e-03
4.711598184092483e-03
1.453169371674900e+01
-1.158362230973522e-03
-3.738177468227015e-03