-3.040308393767158e+01  
-4.935835704084199e+01  
-5.067052824205514e+01  
-1.112342207171995e+02  
3.499233152717018e+01   
4.160377547061144e-01   
-1.574686604214033e+01  
3.458402655244686e+01   
-2.741059422036887e+01  
3.114842329239871e+02   
2.790372737465015e+01   
3.831773090154493e+01   
-4.144054605447430e+00  
-2.139974748006883e+01  
-4.480205004827381e+01  
-1.882330249710904e+02  
-4.902988635873241e+01  
2.647073650662389e+01   
-1.437697525851677e+01  
-2.067241088671538e+01  
6.203455971163007e+01   
2.666352619837444e+01   
-4.364121676346132e+00  
1.667682084363121e+01   
-5.776688678850338e+01  
-2.781117626319494e+00  
3.779848022684967e-02   
5.106480954687229e-01   
8.589221954736921e-01   
2.413573912776812e+01   
1.342896554965055e+00   
-2.793264106222160e+01  
-1.204470032309858e+00  
6.546668484602296e+00   
2.253525102771555e+01   
-3.419362404294832e+00  
1.006773167427248e+00   
-2.055392809353835e-01  
1.738685599701765e-01   
1.084189403067171e+01   
1.637751475695206e+01   
2.641824622009934e+02   
-1.303853836824959e+00  
9.040103994448063e+01   
8.283517484436432e+00   
2.321447339293222e+02   
-3.956037935140095e+00  
-8.376727860957101e-02  
-4.675874431320042e+00  
-2.048563484638197e+01  
-3.787920599001859e-02  
-1.203920762481453e-01  
-1.824192159996098e+00  
3.471702431697731e-01   
-9.832030941578775e-01  
-2.211929446833090e-01  
1.620739213682250e+02   
1.006443594168224e+00   
-2.192885698159699e+01  
-6.643153610087207e-01  
4.515424424737842e+01   
-1.338206491017939e+02  
1.929935551055715e+00   
1.125217554099751e+00   
1.129412328529102e+02   
1.064835818355779e+00   
7.702505895748803e+01   
-3.543503438659970e-01  
6.752904417683567e+01   
1.596524465123247e+00   
-5.123570256356914e-01  
-9.489053351054166e+01  
5.712077040525036e+01   
-1.492860682823716e+00  
-1.104132885013788e+00  
-2.048655677535855e-01  
8.950223375535385e-01   
-6.349723647479853e-02  
-2.625036436705521e-02  
-7.211890210635085e-01  
-3.730014983984937e+01  
1.078403871802917e+02   
3.047303243981120e+01   
7.028252233138568e-02   
-4.718922562260786e-02  
-8.809144883653489e+01  
-7.305958250653362e+00  
4.552229721106042e-01   
-2.730043587777632e+02  
2.361267280355562e+00   
1.149197062267418e+01   
-2.934176301475932e-02  
1.451347070228234e+01   
8.380719181593976e-01   
-2.736664633183973e+01  
1.373816935931956e+00   
4.107612695688060e-01   
-8.031121681911015e-01  
-7.430606253254715e-01  
8.911509764317754e-02   
-4.534589463559941e+01  
-5.080584088314435e+01  
2.458866595030265e-02   
3.797786616774188e+00   
-1.552911453988873e+02  
4.890523445045950e+00   
5.319425468525539e+01   
-1.205910686446499e+00  
-1.073171453877741e+01  
1.466458819664368e-02   
-7.936333463513182e+01  
6.257767806367796e-01   
1.274704366203043e+01   
7.517723101929727e+00   
-1.517948703821513e-01  
-3.809337014770338e+00  
4.263419227565435e+00   
1.136885125118602e+02   
-1.672852918603401e-01  
-5.187622239559192e-01  
-1.444038885971451e+00  
-1.390780458445041e+02  
4.613586436070672e-01   
-2.169087940787334e+00  
-2.885029559083124e+01  
7.298563778002369e-01   
-2.398596019729816e+02  
6.328738171648341e+01   
-7.233345891451739e+01  
2.020734115649733e+01   
-2.919541800698785e-02  
1.842478610087532e-01   
-5.843998064006313e+01  
5.172275292804864e+01   
-1.282210282466939e-02  
3.136419259123799e+01   
-7.629116676856920e-01  
3.009721804780923e-01   
-7.537488708418345e-01  
-1.839104099107972e-03  
-4.392101847262233e-03  
1.148777995392409e-01   
-8.075495928850839e+01  
-2.742104665043281e-02  
-6.617905619334473e-02  
1.827721717279304e-02   
-1.464454425562877e+01  
7.788379933358310e-02   
1.611198241232938e-01   
-1.487380694851162e-02  
1.150517994029028e+01   
7.607850093591285e-02   
6.951935953998785e-03   
1.433624512458063e+00   
-2.175279625469022e-01  
-1.408056128382905e-02  
5.385690405858423e-01   
-8.404234864868311e-03  
1.982562536620582e+00   
-4.504625455095771e+01  
-8.574462298936891e-03  
-4.439988123021966e+00  
-6.403859734357892e-02  
-9.835567659395937e-01  
-1.015440829766168e+01  
-5.929253560607929e-02  
-2.657904155391804e+01  
2.332251692253399e-01   
-1.305688148284340e+02  
4.279217307116579e-04   
3.842656470828357e+00   
-9.140246236631852e-02  
4.268840538683892e+01   
7.057781630530191e+00   
1.645520495146941e+01   
-1.617960676931993e+00  
1.110373531195912e-02   
1.733552566748190e-01   
1.162379990824769e-01   
-2.400234415893229e+00  
-5.578941159198887e-02  
1.279305065997891e-02   
5.301978782058899e-01   
-2.484395034357920e+00  
1.984798835968177e+00   
-5.728972494418198e+01  
4.803721215702417e-02   
4.858311867425955e-01   
2.058342727181856e-03   
4.558830708705156e-03   
2.807047404775578e-01   
-3.124742449639641e-01  
1.840390061029530e-01   
-1.318998002104737e-02  
1.963347230913093e+01   
-6.068138275094986e-03  
5.992809698684171e-02   
-2.458326062257334e-02  
-2.909768164449823e+01  
6.782801340850977e-04   
1.627112962371655e-02   
1.184514092865175e-03   
-3.741060225572720e-02  
3.516214725828656e+00   
5.727555891911546e-04   
5.487131114051233e+01   
6.910610722386776e-03   
3.787357229161498e-02   
6.026319174297404e-02   
-3.462582446467747e+01  
-1.054290376821536e-03  
-8.744431608070121e+00  
1.250152180525556e+02   
1.134593474534098e-04   
6.291245959222528e-03   
-1.845992925364961e+01  
-9.952042672845727e-03  
1.365892821154029e+01   
9.908654426995891e-01   
1.759938158222056e+00   
1.336522796615208e-01   
6.792633979699224e+01   
2.021159057426153e-02   
-1.733685756858376e+00  
-4.838110008061981e-03  
5.687837175942295e+00   
-1.256688025330938e+02  
-2.753213022998670e-01  
-2.287268993273351e-01  
-1.589953231241415e-02  
3.849562478935153e-02   
4.519475812421008e-03   
-4.579128215642134e-02  
3.968201699654939e-03   
-2.143827149877603e-04  
3.781507708725507e-02   
-9.419850679921450e-06  
8.317533954632006e-01   
3.584323340671267e+01   
-2.031394178288090e-04  
-1.137887834366183e-04  
4.038693809099326e+00   
-2.732846800839613e+01  
2.733361241835514e-01   
1.176584395139408e-01   
3.838513205951850e+01   
-1.419686937964274e-01  
1.184200331785270e-01   
-1.813885089823691e-01  
-3.774006289380143e-01  
5.182982840044996e-02   
-2.193117401753062e-01  
1.037654032756252e-02   
-2.489829225022092e-03  
-3.092225634787741e-02  
-2.225413321982731e-06  
-9.301006723393822e+01  
1.013060927732553e+02   
-5.721757678848073e+00  
4.118210766763655e-02   
1.513045326828963e+02   
9.511717150187103e-03   
-1.222070693397136e+00  
1.977721089192168e+00   
1.329908100578303e+00   
2.357695711029713e+00   
-5.036443950722028e+00  
8.774583242101927e-04   
-1.005792724618655e+01  
-2.475756047968155e-02  
4.688291294477860e-03   
2.084401419196281e+00   
5.700893807786122e-01   
-1.873626586345277e-04  
-3.467541139092724e+00  
-4.339483779860220e-01  
2.069434392194925e-02   
2.251196309702539e+00   
1.786053438366368e+01   
3.706952246084563e+01   
6.441689396542650e-01   
-2.944172847293427e-03  
2.726526148632604e-01   
2.016197913420442e-01   
-2.497056134420040e+01  
-3.706284793829210e+00  
-8.540923693815497e-03  
1.713320378030149e-01   
3.001161700352910e+02   
2.031577188102863e-01   
-1.979224222751792e+01  
-8.968072501445286e-05  
-4.317392998752486e-02  
-1.049001169311640e+01  
-1.484930518467807e-03  
1.403205939171500e+00   
-3.832931293747809e+01  
-2.518562090218887e+00  
-1.154879533639931e+00  
3.761789132107478e-05   
2.025617232865860e+01   
-3.850874888372830e+01  
9.205964565397849e+00   
3.669823810984182e-01   
2.594040372368252e+01   
-2.055720863139871e-01  
1.712603918020636e-01   
8.125633360810645e-04   
-1.790619893634079e-01  
3.338267970704892e-02   
1.700319839712973e-01   
3.134838607071516e-01   
-1.198314801115580e+00  
-2.020684997053239e+00  
1.119601124472425e-03   
2.333283647423489e+00   
-8.170860559401581e-04  
-9.986651523765257e-02  
-2.170763144675325e-01  
4.964844335196876e-01   
2.093981682009818e-02   
-6.537278355418525e+00  
-3.582941301520566e-02  
1.906676217506042e+00   
4.098551675314828e-02   
1.776856568785792e-04   
-2.852960756901203e-01  
-4.016828087995154e+01  
-8.681817826530220e-01  
-6.051597794300408e+00  
-1.395272175898381e-01  
-2.962406266101322e-01  
-6.005664034034739e-03  
1.738024343006908e-02   
3.225161051116601e+01   
-4.067171781452551e+01  
1.204724023423305e-01   
-4.581784545107384e+00  
-1.209253391125669e-03  
-1.204076493602214e-01  
-1.901000817802614e-01  
-2.845586793598455e-02  
-1.452951719628440e+00  
7.682315972312094e+00   
-3.851802149293326e-03  
-1.483711746978006e-01  
4.163761096197284e-01   
-1.348463112586335e+01  
9.265141815761062e+01   
-5.737529076589210e-06  
1.990215044328692e+00   
-1.861352215673303e+01  
-9.994476824476083e+00  
4.656989934721958e+01   
1.689736146105356e+00   
9.807892183274729e-02   
-1.452722054685924e+00  
1.235415312287499e-02   
1.639408173064097e+00   
-1.539673683187309e+00  
-5.465325534866559e-01  
5.829688657227933e+00   
5.387015352471172e+00   
-2.785250447596703e-02  
3.527329281640828e-03   
-2.120096005964434e-04  
8.064772214557044e-02   
-1.364118229139534e-01  
3.657060714840436e-02   
-1.205101295740611e-01  
-8.158021064689552e-02  
-6.049166603145913e-01  
-2.976182900983100e-03  
-1.048510759071126e+02  
-9.065301382079115e-04  
3.085554174667400e+01   
-1.227833364069811e+00  
-2.055125424411373e-02  
-5.592937590640225e-04  
-1.002464692801846e-02  
-9.819007898639940e+00  
-8.161376018929272e-01  
-4.139947255393406e-02  
6.172366725588099e-01   
3.705192117401719e-01   
-3.036533882833066e-01  
-3.145975076032684e-01  
-4.851133140970518e-01  
-1.402131454672041e-04  
-2.779764333415144e-03  
-1.456012918264433e-02  
6.436866219486362e-02   
-4.796333205118963e-01  
3.691918620150936e-03   
6.081477501214695e-04   
3.729740270967442e-02   
-2.691887741122459e-01  
-1.564486895012259e-02  
-1.474779578170536e+02  
2.537462255390616e-01   
8.871161269815657e-03   
-1.238899361301049e-02  
-8.214654818736269e-01  
1.442331800841858e-02   
6.507874845063442e+01   
7.953343485402641e-01   
-2.048305918134613e-02  
-1.676594376973021e+01  
1.624149157994771e-01   
1.078423034405440e+01   
-1.516117054846349e+02  
-1.014896581327109e-01  
-2.283058683961466e-03  
-1.040919253722467e+01  
1.934340297474479e+00   
-2.293463111380680e-02  
4.505933640238553e+00   
-2.032631049630794e+01  
-6.592333290213445e+00  
3.126749677113436e+00   
6.773052563309415e-02   
-2.728623805157409e-03  
4.590769010643243e-03   
5.142750892352531e+00   
-9.626482634903925e-02  
-5.284300510943673e-03  
-3.963411015565277e-01  
-3.201750683157149e+00  
1.807279143403898e-02   
1.281108981443505e-03   
6.827001307223015e+00   
6.915700770025020e-03   
2.469996641151926e-04   
1.835567773607322e-02   
6.809172605437247e-02   
2.483396536176556e-01   
-9.802645017713966e-04  
-1.606044515351754e-03  
1.016053907003623e+01   
5.411409700402564e-03   
-2.061762089401078e-01  
3.083584959217671e-01   
-3.236569372219869e-04  
1.775903264669566e+00   
3.693573019103607e+01   
-4.401524256004266e-02  
-3.658929712615226e+01  
3.341353591602906e-01   
3.112663823211099e-02   
-3.308737999492745e-03  
-7.557807398445338e-02  
-1.152688361412483e+02  
7.990799285338463e-03   
4.658527421712755e-01   
7.075780019357597e+01   
4.582323032922723e-04   
8.642551531473397e-01   
-1.287337719151985e-01  
2.633202031464453e-03   
8.590035025120039e-03   
-6.898303246278968e-01  
-3.597238279351803e+00  
2.255292758249470e+02   
-2.425391020771915e-01  
1.387959038937421e-01   
-1.897220074714321e-01  
-6.813459247709985e+00  
-6.856580240756273e+01  
-9.351988283252195e-03  
-2.026315368200279e+00  
3.960587667676583e-01   
1.389446131084595e+01   
2.204963039934429e-02   
-2.073742346606549e+02  
-1.204008597097983e-02  
6.074981827171969e+01   
-6.002839093950150e-03  
7.826101399947112e-03   
-1.323258122037528e-02  
-2.084554204370208e-04  
-9.683418333875042e-02  
6.853875728640908e+01   
-3.417697792365478e-04  
2.591530771249358e-02   
-2.398873108038904e-02  
2.296931352759251e+01   
4.160560630799798e-01   
-1.204977522061608e-03  
1.457857271693712e-02   
1.146883660920818e+01   
9.712531396340037e-03   
1.325877273001829e+01   
-1.089497048755498e+02  
-1.983743829000942e-03  
-1.765111242314570e+00  
1.646098714405380e+02   
1.119645441969825e-02   
2.073735705603428e-03   
3.233167687361253e+00   
-1.154088832320861e+02  
-1.089285299869965e+01  
4.586399426831451e-03   
-1.387193502122270e-02  
-1.107712022791247e-02  
-1.649181196917081e+02  
-3.065548798228494e-04  
9.951301977959796e-02   
2.947160439434437e+01   
-4.581741690510965e-04  
8.216496804883376e-02   
-2.027675643694883e-01  
-4.401735074792589e-03  
2.489256716693766e-03   
-1.220684274779353e+00  
-1.745717070963234e+00  
1.186400243045060e+02   
1.979611986712707e-04   
9.017851274246410e-04   
1.920572487725592e-04   
1.638562928002477e-03   
-9.803680613888096e-05  
1.376318505220118e-02   
-2.644990314295652e-01  
1.076727656199923e+02   
-1.405745490728130e+01  
1.556981141276317e-02   
-3.001336683392463e-02  
1.270593272291969e+02   
-1.938692631658765e+01  
-5.217407159169458e+01  
6.900438859517632e-02   
-2.470552374530487e+00  
-3.735634916966396e-01  
1.333917517549749e-01   
2.424877565376831e+02   
-2.193950606507788e-01  
-2.508066146596742e-01  
-2.419992961406381e+00  
-6.494118408853728e+01  
-2.868387907627532e+00  
-1.710599412999412e-02  
-4.953670493108894e+00  
-1.255108114938054e-01  
2.838982566390641e-03   
3.315751356772318e+01   
5.514355088428119e-03   
1.013293247854115e-03   
-5.978390985423483e-02  
2.117726580369931e-01   
-1.406194557994792e+02  
-7.047142505760469e-04  
-3.211205503404900e-03  
6.025383935735364e-01   
1.059126636218428e+02   
-2.278951421005692e+00  
-2.647809811526370e+00  
1.891811401055969e+01   
5.067353625695918e-01   
-1.466055351474336e+02  
-4.909925239367510e-01  
-4.681562632287114e-03  
-3.067205949225637e+00  
1.781602550258269e-01   
-3.166350276190161e+00  
-2.016706357485323e+00  
-6.984997899560935e-01  
1.432412641991106e-03   
9.409684529885247e+01   
1.294274919774939e+00   
2.057480662505455e+00   
8.167428927424348e+00   
1.804980547365456e-01   
-3.104637874121886e-02  
-9.431612839254564e+00  
-1.201268671331296e+01  
-9.233565725928048e-04  
-1.605950718690410e-04  
9.920978707470772e+00   
2.599517528463889e-03   
-2.171590862542394e+01  
8.174294028134020e+01   
-4.201925749638057e+01  
4.491002804551563e+00   
3.954130052235322e+01   
5.727168789839564e-04   
1.627378966764689e+00   
-2.395282374367030e+01  
-6.605966334209297e-04  
-6.689442984468230e-03  
-1.368009114491384e+02  
5.540418517097652e+01   
-1.175602260870228e+00  
-6.359815225549672e+00  
-1.434069122528456e+00  
-1.852717530703607e-02  
-8.935741343200386e-01  
-3.014322756992385e+02  
-8.020084743481416e-01  
-3.647547232585750e-07  
6.323658413074649e-04   
5.846527370090815e-04   
-7.960170701905993e-05  
-8.968694685817223e-05  
-3.476606593748855e-02  
1.102031047256406e-05   
-5.240786107725441e-07  
1.064639402779036e-03   
4.180605617123544e-04   
1.167933922741983e-01   
2.807702300070016e-03   
-1.520021398696687e-05  
-7.178560989461418e-01  
-2.054843256245912e+01  
-3.949968594380155e-06  
-1.740421460223063e-03  
-1.459923062557550e-02  
1.896536298891830e-01   
-2.422930581367328e-02  
-2.076663915819897e+00  
1.707867250514632e-03   
-2.013520651023240e-04  
1.421659235367737e-02   
-1.971807991836728e-02  
2.380789445081785e-02   
-1.958414888013949e-04  
4.789469179572741e-06   
-6.828952248032427e+00  
3.463854382994804e-04   
5.776025334526784e+00   
1.689802928132043e-01   
-9.281141368375503e-03  
6.930989118844519e+01   
-4.392663626373555e+00  
2.359641939041496e-03   
5.655648426642257e-02   
-2.697604876714519e-06  
-1.365262404821924e-01  
-8.475995970576895e-01  
-3.770200670203797e+00  
4.149810663961504e-03   
-4.402195241619897e-04  
3.224651107598121e-05   
4.177113313686986e-02   
1.214765788476731e-01   
2.747225326078320e-02   
-3.593842483277000e-03  
-2.291148304545545e-02  
4.288788707354013e-04   
7.523697486718615e+01   
1.555304364164365e-03   
3.651528224531697e+00   
1.733816693587072e+00   
4.196521935656138e-04   
9.158551017767567e-02   
6.131437678117214e-02   
1.781345970522617e+02   
8.807450638226307e-02   
-6.209717748161917e-01  
1.363585141506267e-03   
-4.837549043883500e+00  
-1.636611629960358e+01  
7.930596498291348e+01   
1.366307991014479e+01   
5.121778629208776e-05   
-1.129290734679465e-03  
-7.837963768654400e-02  
7.059706992228307e-01   
-6.987884698349004e-05  
-1.365712095579607e+02  
-2.110868291502224e-05  
1.623318920656117e-01   
2.549197679279266e-01   
-8.705073090474707e+00  
-2.504602491844772e-01  
-1.232576782995848e-06  
1.626011108301409e-04   
6.265633019824636e+00   
1.146311061977060e+00   
-5.644869846195244e-01  
1.133526521168006e-03   
-1.566269871882445e-02  
6.129597966196671e-04   
-3.486006569472518e+00  
-2.008878391283525e-05  
-7.093588086129355e+00  
1.674579658879227e-02   
-4.413622356299686e-06  
-4.869095441515430e-01  
-2.158688132089541e-04  
-4.620936923214383e-05  
1.632752739889208e-03   
-1.485378821517410e-06  
-5.282246829069662e-02  
-2.707457059979975e+00  
3.666604116622509e-03   
-5.048928051712449e-04  
-7.873774834370663e-01  
7.055383350074831e-05   
-1.363100309705665e-02  
-1.180610589576346e-05  
-2.513763656878627e-03  
-9.865867408017879e-03  
8.325295221996700e-05   
-2.779309814533009e-03  
-1.127250240391440e+00  
-2.739620812678522e-05  
9.422145573649367e-03   
-3.482930282567445e-04  
1.703448363705105e-03   
8.190976492463017e-06   
-7.127351991971111e+01  
1.006053312124994e-01   
2.346245629392362e-01   
-6.489182926346573e-06  
-2.407655211749512e-05  
-1.868088126761247e-05  
2.989062978291581e-05   
-4.681061945893179e-04  
7.850998756395501e-02   
2.474475556879425e-07   
2.839150914211385e-01   
2.076901278336324e-04   
-2.887726977047264e-07  
-2.555013242539392e-04  
-1.970923547962844e-04  
3.883024843681670e-05   
2.742642376383199e-05   
2.285293409592682e-02   
2.545824066830465e-02   
3.821478096316390e-01   
-8.125353445098420e-02  
5.639980453422466e-03   
-6.976417686733285e-06  
-4.725765705120008e-04  
-1.624682430446394e-07  
-1.272674678732722e-05  
3.282504441959636e+01   
3.691412291273145e-02   
-1.726180934721541e-06  
9.750273516598765e-02   
-1.785633670672190e-01  
7.758726382270486e+01   
1.368994244569484e-05   
1.055295647687211e-04   
-3.839218118055344e-01  
3.402780431019731e-04   
-3.863604202965617e-01  
-9.983753111742431e-03  
-3.101344132667748e-07  
4.793385751601704e-05   
9.865259754433035e-06   
1.369018922886252e-05   
8.850949535835197e-02   
-3.640891363419523e-05  
3.780361873835982e-06   
1.737768619921874e-01   
7.525966075525008e-03   
3.563005853853179e-01   
-9.762065855256819e-06  
-2.081087082722903e-03  
1.108544315933866e-01   
3.217560205592312e-04   
7.701300195466335e-02   
5.750500822566914e-03   
-3.233180423650107e-02  
1.219952268189880e-02   
-5.417311698700466e-07  
-2.895784989518639e+00  
-2.942222349876429e-02  
1.144059296898942e-06   
1.583610868550770e-01   
-3.754619971447977e-05  
-2.063598550011707e-05  
-1.077583730365326e-01  
1.297029325177641e-04   
-4.672273261641090e-07  
-4.091139126754771e-03  
-1.028049729022164e+00  
-5.068084525380823e-01  
1.771906844087888e-05   
6.103891963900241e-02   
-4.575813158687651e-02  
6.477398673851275e-03   
-2.935876631384296e-02  
7.482662947931956e-04   
1.242246202568581e-03   
-4.420118751346792e-04  
3.310177470746526e-02   
-7.480585266127803e-03  
1.906191352087265e-03   
-6.334746731570942e+01  
-1.839546175954969e-02  
-1.111680410982603e+01  
3.790183905435363e-02   
-1.057745316332481e-01  
3.467438110936855e-04   
-3.829733758397557e-05  
-1.838590112346129e-01  
-4.900806220962005e-04  
5.731818506773856e-04   
-1.825198960285256e-02  
4.803247091019338e-05   
3.893591680587510e+00   
-4.246531599660764e-02  
2.006503587571431e-02   
2.108247017973843e-01   
1.741529419979131e-01   
2.081105530921680e-02   
-1.518172014429812e-05  
1.321145488932364e-04   
2.109495142760117e-04   
1.690429338966448e-04   
3.118792847805826e-03   
-2.507099966204650e-03  
-5.734469548914120e-05  
-1.759573711556347e-02  
-3.433369976476328e-04  
1.561249895153919e-05   
-9.206317738480711e-02  
-2.886442109647125e+01  
1.942525318548093e+01   
-2.905430139000978e-03  
3.202856603961074e-04   
-1.680635712992520e-03  
9.156640852541020e-01   
4.869842218768473e-03   
-2.057603263979243e+00  
-1.180316106573074e-02  
-2.857317768489943e-02  
-1.325511759213352e+02  
-6.740532687467153e-03  
9.769723146936022e-03   
-7.097424917721285e+01  
-3.109168933595824e+00  
3.994034445813760e-04   
2.368565529622256e-04   
-4.198729528576296e-04  
2.021510270663075e-02   
1.696339144517049e-02   
8.877922024853555e-06   
4.046951376196718e-04   
1.958936626330524e+01   
-5.155728480531138e-05  
-5.686283963502153e-03  
4.689193107046026e-01   
-3.482467820984389e-04  
-8.813325241368666e-06  
1.290012219158969e+00   
-7.316718714492784e-04  
-2.984307325055175e-04  
1.349028640092642e-01   
-6.870930809403519e+01  
1.976926408268917e-02   
-5.239759618903145e+00  
4.124611392953929e-05   
3.435113729962001e-06   
3.568027011604310e-06   
-2.483572404362268e-03  
-7.000369375219636e-04  
9.109009861413112e+00   
9.943455664982554e-03   
1.151714778162111e-02   
4.782493243732189e-02   
2.940376681166333e-07   
2.812658564491026e-01   
1.277049072887975e+01   
4.860929000170594e-02   
4.987418827309404e-01   
-1.786248164953767e-04  
-1.198027660239873e-05  
-2.685074559996255e+00  
3.622505447468849e-01   
2.625828923831085e-02   
-1.289046045316936e-01  
1.407781977151279e-04   
1.371187422524992e+01   
4.363237983426915e-04   
3.234587596724049e+01   
-1.719775667092916e-02  
1.365372459837057e-04   
-1.627828136930358e-03  
1.697245729842626e-02   
-7.488969860168545e-01  
-2.092128290707659e-06  
-4.693137606766156e-03  
-4.330248705699229e-04  
1.250836182899141e-03   
-6.562808200040898e+01  
1.007082258693136e-05   
2.464264133968486e-01   
-1.044056905157774e-01  
9.415990841050418e-01   
2.166717584874306e-03   
9.045775228060366e-07   
-5.851127750586457e-07  
1.693746598359096e-04   
-9.831123175587073e-06  
9.180607498489260e-07   
1.143744495094909e+00   
1.449399437555953e-01   
-3.536199806227727e-04  
2.307723301631822e-06   
6.602896855058201e-04   
6.397838911902591e-01   
2.588676947347135e-05   
-2.266670078840326e-01  
2.029505061324453e-05   
8.696260669969622e-02   
-3.305707812544216e-03  
-3.085465997113546e-01  
2.465453836413985e-03   
-1.413183832273440e-01  
-6.838413005231035e+01  
-3.141927295798603e-01  
-1.038664900459050e-02  
-2.878727268472490e-01  
2.967399610783283e-01   
2.627484855452952e-05   
-3.700068663203451e-02  
5.010252701041550e-06   
-4.240732470528161e-07  
-9.006990039753920e-03  
3.175214719603728e-02   
1.614073549814385e-01   
-5.121408882800066e-05  
-8.878223019849797e-06  
-5.861814052701584e-01  
-1.253867705334373e-02  
-1.015905376690737e-05  
1.893663833502572e-03   
1.509217136173926e-03   
8.671218178500898e-06   
8.532974730365341e-06   
1.144578383645811e+01   
4.504497049686909e+01   
-5.216145973942848e-03  
-1.815663522055415e+00  
8.509920852072686e-04   
-8.763727229253057e-05  
-2.582630657130454e+00  
-2.400035729521728e-05  
-7.709256375714967e-04  
1.980247861138736e-07   
1.501458707507271e-03   
4.376292885601648e-03   
3.643472435547736e-04   
5.858147371177408e-03   
3.292417034335859e-01   
-2.999328245510914e-02  
1.648143074102599e-03   
3.756977450296386e-03   
1.252352057028288e-05   
1.203259535979017e-01   
1.193703651880867e-02   
-1.220772313379489e+00  
1.318669773238217e-05   
4.555357329891152e-06   
4.442569735104442e-01   
1.083019240611745e-01   
6.713008116806847e-03   
1.260171334497234e+00   
1.903281521926515e-01   
2.191479747408259e-05   
3.644895549783060e-01   
-1.124626333915613e-03  
-1.991645746938176e-01  
1.563258992149014e-04   
4.762401886598387e-06   
-1.201888078928763e-06  
2.153123102197391e-01   
1.695806868887635e-01   
-5.736110990596662e-01  
-2.154955196214874e-01  
5.597664488362884e+01   
-3.005807578981211e+00  
-2.913374273717241e-04  
-2.139840116882494e-05  
-1.226608619242834e-02  
6.963001051520694e-03   
4.460176651198370e-03   
-2.268462651102504e-01  
5.119697997432062e+00   
2.202275906392420e-04   
3.975966662815471e-01   
1.792928195738731e-02   
-2.805927573224194e-04  
3.941411322302716e+00   
3.453680768865108e-07   
-7.401026304041620e-03  
-4.319746299468664e-04  
-3.284391321193322e-01  
9.116454410228813e-01   
9.146797489229520e+00   
-2.199226861145317e-03  
1.347059263040348e-04   
-2.189620193529555e-03  
-8.946736261180899e-06  
-1.704220109903217e-01  
1.004967837211175e-01   
-4.460586784313573e-06  
1.056568560495077e-04   
-2.462315018410509e-02  
8.054517851501411e-05   
-7.245751789276440e-06  
-4.691710232964110e-07  
1.771837568849605e-05   
-1.066460036806890e-02  
1.169729269973318e+00   
-5.100581683538908e-03  
-1.232776438638127e-02  
2.123986003774142e+01   
-1.393025390455861e-01  
1.993849324915125e-02   
9.216479168170629e-04   
-3.537084794037499e-01  
-1.690215550047857e-01  
-6.230281827852417e+00  
4.667278867549843e-06   
-7.893484496771679e-06  
9.339683603026849e+00   
-3.114122163850132e+02  
1.328747640945469e-08   
-1.055805225900488e-02  
-2.028946177261413e+01  
-2.395804835904217e-05  
7.222455367288176e-04   
2.747046282529684e-05   
-5.366526980296649e-02  
-2.564527660453229e-04  
1.614628629166919e+00   
-1.085344022107068e-03  
-7.327568617370480e+01  
-2.280559427664078e-04  
-1.182203435067667e-06  
1.051459456316689e-02   
-7.507530270802930e-02  
-3.080178613219278e-01  
5.558898918028655e-03   
9.312516598451788e-02   
1.150343058407956e-02   
-4.842138535579386e+00  
3.333297786510238e-04   
-7.953314807214087e-02  
-3.628732351388292e-02  
-3.143640117947900e-05  
-6.075343838889447e-04  
-9.675900471449018e-05  
7.397616524537313e-05   
-3.075965230828383e-05  
-1.175390141563619e+00  
1.994328895510626e-03   
-4.333018770960853e+00  
2.223033835978121e-06   
-3.551954223596437e-01  
-7.250264938124407e-04  
-2.285706522552401e+01  
-2.188205100985301e-07  
-9.112785064394864e-01  
-6.058842025200349e-02  
-5.882184704962372e-04  
7.047691309601113e-02   
-1.576510049037960e-04  
-1.132636836701311e-05  
5.675364417805931e-06   
-3.759103094612518e-04  
1.887055985828584e-03   
1.742104817373448e-04   
2.541422352370420e+00   
5.591210248373838e-07   
3.424748249671015e-02   
4.410562156320266e-01   
7.885197688634705e-04   
-3.749131461590852e-04  
6.989370360195775e-04   
-1.342311920160562e-01  
5.139265463124711e-07   
1.495014756024551e-02   
-3.790030668723678e-02  
-6.124901965013164e+00  
6.633997200628789e-04   
1.323568892277367e-03   
-9.132838937008358e+00  
1.065681587039587e+00   
1.357102130537549e-03   
1.098761127641784e-01   
6.733366817518358e-06   
4.199214104944845e-01   
4.516239938387504e-05   
-7.732517780248364e-05  
-1.610757525860724e-02  
-8.954368875994198e-04  
-1.130789093210015e-06  
4.334811252229360e-04   
9.369748955142366e-05   
7.143069422794389e-02   
1.558695566447209e-01   
4.592423988423923e-04   
-2.802371868615377e-04  
1.194643785950863e-01   
-9.281880910243612e-01  
5.205092298863439e-07   
-7.232685595107826e+00  
2.301079716593120e-03   
-2.224577206783404e+00  
-9.089033221616727e-06  
-3.376769324247747e+02  
-3.774938137773361e-01  
1.228504728880740e+00   
-3.647743668627450e-04  
-3.405306908888073e-01  
-4.785543400902135e-04  
5.016278314905676e-04   
-3.101318794330202e-06  
-2.044868403681318e-02  
-1.465328492450862e-01  
8.183513415355378e-05   
-8.708649459490971e-04  
1.299832584089251e-05   
7.525930645833241e-02   
-9.439235706364630e-07  
1.903203215136310e-03   
2.945385506007823e+00   
3.760324400183924e+00   
-1.063942031533567e-03  
-1.707069484084148e-04  
-6.879072126684267e+00  
3.466144144748882e-03   
-3.832673977149426e-02  
-4.156663212121681e+00  
2.509182358983248e-03   
5.518168629467971e-04   
2.024303229411992e+01   
1.674343807829070e-02   
1.535365704282554e-02   
-1.927421286191026e-05  
1.631152446597740e-02   
4.534348711005569e-06   
-1.334448252144298e-04  
8.395056553761814e-01   
1.972541319271820e-03   
-3.503793499703111e+00  
3.064215713224170e-01   
-8.487029405113261e-02  
1.235926466863204e-05   
2.280852439005052e-01   
-3.014701025061222e+01  
-5.205245202811361e-02  
3.664730987018881e-04   
-1.019845307421563e-01  
1.249032236710189e+01   
1.060486832768333e-05   
1.646897648902954e-01   
2.061048479675045e-07   
2.066168976508971e-02   
1.114495504276982e-01   
5.360246272916815e-06   
-1.862547723310679e+00  
-6.759257784201638e-04  
-1.157701846039361e-05  
-6.021294816667704e-06  
-7.942087538794469e-02  
1.054900015821726e+00   
-5.110273540483606e-06  
-1.055869356806653e-05  
2.490797340692577e-01   
-5.698686312142100e-05  
-1.673353206755123e-04  
1.539830446125815e-05   
5.830570640741292e+01   
7.571797202207371e-01   
1.343012258316019e-05   
3.300112290737208e+00   
-5.519510061176506e-03  
-6.026604640318383e-03  
1.750227525746836e+01   
3.382079083325566e-04   
-5.326173164560818e-06  
-5.653970601596330e-08  
2.738318266660957e-04   
-1.318281512907551e-02  
2.389499311067300e-02   
7.797023500165373e-01   
8.811541153747013e-02   
3.016350214837730e-04   
8.565071097860378e-03   
-1.625108123897049e-07  
6.528465945621132e-03   
1.264833813438356e-02   
-1.761101288008785e-04  
-1.874917583024945e-07  
2.197882986010881e-06   
-2.007417084070962e-06  
-2.742542984036730e-02  
9.492512836257420e-01   
2.274106561287928e-01   
-1.012398943571419e-02  
-1.642448671355783e-06  
-3.670827370353703e-02  
-8.854246301851170e-05  
1.163962246476670e+00   
-1.625597649020342e-06  
-4.554502112172211e-02  
-9.141791668997955e+00  
7.464704933576095e-04   
-4.392245262158420e-04  
-6.368150325584249e-02  
-6.174203818911642e-04  
1.717184603126061e-03   
-2.489842946082028e-02  
-1.243475167879394e-04  
2.671519155623105e-06   
5.818499741747262e-01   
-1.652055980049832e+00  
-3.292492916253231e-06  
2.231621846263708e-03   
1.824528200275042e-02   
-8.445082055923343e-04  
-2.171866595821313e-01  
-1.649092286156895e-02  
2.782763087366797e+01   
-4.936500623264196e-05  
9.405014469517435e-01   
8.389102052014717e+01   
-4.802732620076237e-02  
1.692061384011883e-01   
-9.314783982557474e+00  
-3.007743103147375e+01  
1.928506289392833e-02   
-3.506161122168126e-04  
-5.215755454396601e-04  
1.481861696830054e-02   
2.926081962121874e-02   
-3.190348172142247e-05  
-3.871624756243338e-02  
-1.246194581167086e+00  
-2.712859298494679e-07  
4.018552471134611e-05   
1.847367357635099e-01   
-3.423003383778695e-03  
-4.328211458354017e+01  
4.589577307795934e-05   
1.134502948419465e-04   
-7.239543573521829e-04  
-1.039505676039927e-02  
-2.574992731881172e-04  
-2.407673423382425e-04  
-2.892141865298774e+00  
1.125796333533026e-02   
2.014009687978201e-02   
-1.332141343537673e-03  
-6.376312501205141e-02  
-9.188686675811826e-04  
-5.612585435298435e-05  
2.900943286045800e-04   
2.924800920601214e-05   
-4.507196823488883e-02  
-1.255376577910858e-04  
9.683746174988211e-05   
-4.438214058718633e-03  
-3.322910299711607e-02  
-3.988585925133185e+01  
5.245595311890371e-04   
-7.183149161743251e-04  
-1.713137903454653e-05  
-4.461785996415367e-04  
-6.986913137253795e-03  
-6.236979737311445e-05  
-7.156630678615189e-01  
-4.740865126430232e-04  
-2.407378771066707e-02  
-3.767176274794217e+01  
-5.742446612835420e-04  
-1.188455012271565e-05  
-5.594132758704824e-06  
-8.893400659515183e-05  
7.608737241214316e-04   
-6.856315928667377e-04  
-9.312982030223084e-03  
1.055003416357321e-03   
-1.135263605523693e-03  
-5.599805808225281e-03  
-7.064379133348297e-04  
1.982286849731295e-05   
-3.973690778095403e-05  
1.275008723290596e-06   
2.105356223260493e-03   
7.150686744086756e-03   
1.848090900644481e-05   
-2.450726854486534e-05  
-2.152064697238463e+00  
1.868850487453038e-05   
-1.648384731297279e+00  
7.810681779951143e+00   
-5.950163879360234e-03  
3.631506772005482e-01   
8.120746213584518e-04   
-3.945356079755426e-05  
-3.851792774541251e-01  
-3.416778553955987e+00  
6.732679021908031e+01   
1.238254116801546e-01   
9.644295581517331e-01   
-3.005123167547488e-02  
1.034367397634960e-01   
-2.038529030912361e-01  
-3.120838888267050e-02  
-7.540234310723871e-02  
-4.097315142443902e-06  
-5.851465192854983e-03  
-2.887346864473138e+01  
2.957661587795338e-02   
6.935604832768694e-06   
-1.556493947411903e-02  
-1.649023013717932e-01  
-2.275697936750043e-02  
1.193356049407076e-05   
-6.962684487720595e+01  
9.535824289095587e-01   
8.364587577929586e-05   
-5.106941774424555e-05  
4.558251111530483e-06   
-7.699145304278573e-03  
2.787942375864732e-04   
-2.436867005514930e-04  
2.940458773977330e-01   
-5.594700286971709e-03  
9.991910385672332e-01   
-8.013511585763412e-04  
1.620544565882925e+00   
9.261133303935599e-01   
1.576415998239587e-07   
3.798014389364345e-08   
1.557173750960420e-01   
-1.414778342761205e-02  
1.230023307738532e+01   
3.824262087462243e-06   
-6.717474420216601e-02  
1.722804287520231e-05   
-1.906852275494823e-02  
-1.544541898044098e-02  
1.155218587125333e-05   
1.114301494797856e-03   
2.470872524151227e-01   
3.844411383788447e-03   
-7.702683365357868e+00  
7.222812450346278e+01   
-1.085174469830731e-02  
3.154079457837820e-03   
-5.000298063236170e+00  
-6.319871491768148e-05  
6.432538282615964e+01   
2.721831885309412e-07   
6.460142541633989e+00   
-3.511557974116571e+00  
-1.230924455230418e-05  
2.645265417320491e+00   
-2.663859006878758e-01  
6.184589264695332e-03   
-2.096269392775202e-04  
-2.813738754365506e-03  
7.103867539753367e-04   
-1.446723810750711e-01  
-4.556319624714391e-04  
-8.177144343529872e-01  
1.213569212102597e-01   
2.694167314383087e-04   
-3.166691316493661e-02  
1.441719762283879e+02   
-1.144916036561828e-04  
4.851324176535969e+00   
5.798203817602486e-07   
-2.069186736739610e-05  
-4.692536957278273e-04  
-3.911481716758261e-05  
-1.455955794397871e-03  
-8.316011588434417e-08  
5.402233027102494e-04   
-9.847180206117426e-03  
-2.073527509663878e+00  
3.265513251509555e-03   
-7.135415051499611e-06  
-6.429690451251498e-04  
-1.312179521100557e+00  
2.183847252381348e-05   
-2.130586666551518e-03  
2.628315283826729e+00   
-2.485187496989363e-06  
-6.827321346775814e-06  
8.291646594505049e-02   
-5.762770736140916e-06  
6.057809697028326e-03   
-1.126895456875144e+00  
-9.273300284009149e-06  
-4.413930421814655e-02  
-2.098340166276532e-04  
-3.843248147404506e-06  
3.031976111975121e+01   
7.001615009140003e-01   
8.071437978952001e-01   
-4.212280377039096e-02  
-1.208576579380157e+02  
3.072539124060555e-03   
1.195585704427752e-04   
-1.121714513287175e-02  
-1.479989644081442e-04  
-1.512628228576855e-05  
8.183922860509776e-02   
5.779750232647156e-04   
1.593477356883500e-02   
-6.918580546590889e-05  
2.296657483617016e-02   
-1.162476656533861e-01  
-9.429994072505284e-08  
-2.183531687198609e-04  
-1.916851003815781e-04  
3.125935405159997e-05   
-2.177004228924939e-01  
-6.735984126718887e-03  
-7.680054528026754e-03  
3.094123732649365e-05   
-4.353937741335702e-03  
-1.519721264539150e-03  
-1.180523461604507e-02  
-1.623296889596973e-02  
-7.327725258481451e-04  
-5.936533363286478e-07  
-8.880332450881552e-03  
-2.897273475310614e-03  
8.051868448403633e-02   
2.369039518697387e-05   
-1.176801589030871e-02  
8.795620489492806e-03   
-1.619771091702307e-05  
4.317836160900144e-05   
1.267726727378330e-01   
-1.117366897211122e-02  
6.393332619185238e-04   
-4.080033362108143e-06  
-4.432357730467861e-07  
1.612404553944872e-01   
5.377516839159223e-04   
-1.193764763151931e+01  
7.839305409231614e-06   
-8.775756600053655e-03  
6.663709535086766e-05   
1.709865489549362e+00   
-1.403082861168601e-04  
9.316797130547711e+00   
7.313065915089579e-03   
-8.949887891210711e-04  
-2.545215801014457e-04  
-1.733347290621914e-01  
-1.434209580474678e-02  
3.880973299719182e-03   
2.151185583945579e+00   
-3.769664150592895e-05  
2.803104265291506e-03   
-2.963517639424289e+02  
-1.983053262358551e+00  
5.013996411122850e+00   
1.072252288964632e-02   
-1.758757386259803e-03  
-1.349318937797612e+01  
-1.012838731923210e+01  
7.580348886825237e-04   
1.997570779899338e-01   
-1.868723431804996e-01  
-1.719861544879942e+01  
3.698117203676510e-02   
-3.941074321806071e-04  
-9.177804346633333e-04  
1.781239862523826e-03   
-1.606885092290989e-03  
8.804030332384344e-06   
-6.070399032172318e-03  
7.293789138943219e-06   
1.434442321921217e-07   
6.663035061276829e-06   
1.481827281859617e-04   
-1.066280412557487e-02  
-1.126355549684013e-01  
-9.209173734739650e-03  
1.110802034989175e+02   
1.779614606660324e-06   
4.538988951659188e+00   
-1.047513678756140e-06  
-1.144136684567308e-05  
-3.345091066937880e+01  
3.682514080141169e-02   
1.049481657314281e-04   
4.648565827317228e+01   
-3.731003580020358e-02  
3.227541458954097e-04   
-3.558946276515528e-06  
-1.294530965055586e-04  
2.175024042080314e-01   
-1.479927657081748e-01  
-1.278711668238386e-02  
7.756802839038674e+01   
-9.136000373590541e+00  
1.437513132705231e-04   
-3.287819831739670e-01  
-4.721845739425651e+00  
-4.263568890234168e-02  
9.288820502108103e-01   
2.019403676929932e+00   
-4.321816014587405e-05  
1.828822260871245e-01   
5.892467037199473e+00   
-5.311744750533721e-04  
3.035429527974510e-04   
-7.738863221731031e+00  
-7.776503135956691e-05  
4.175559711468326e-01   
-5.394060533068842e-02  
-3.557807658031684e+00  
-3.406313741949553e-01  
-1.320603535476840e-06  
6.804324035739454e-04   
3.059293088726958e-01   
6.932503595591581e-04   
1.051743689374998e-01   
-7.568103005927861e-04  
1.159628521766433e+00   
-8.650406137696267e-06  
1.424692388786956e+00   
5.908449796507235e-06   
2.666449700857565e-04   
-1.286239551315282e-05  
1.111463259135286e+00   
4.993911327032046e+01   
-7.553229473160286e-01  
-3.650829007965302e-04  
-1.229038846809361e-02  
-3.726581279393491e-05  
-8.859738024338003e-03  
2.861256342240700e+02   
1.086473433557487e-02   
-7.762466856840874e-04  
-1.293144520054159e-02  
8.492235550317080e-01   
-1.225317290959070e+02  
1.347878954874471e-04   
4.165353386735851e+00   
1.711281947825577e+00   
1.539181604377597e-02   
-3.919489764925947e-05  
-1.196706097214147e-04  
1.467975361199832e-02   
5.647952482735581e-01   
-2.504137062293230e-01  
9.402322977627720e-01   
6.922827011529170e-01   
-3.086273396305795e-06  
1.696996902458662e-01   
2.102276836766100e-03   
2.766321584243366e-06   
-3.143849823295028e-07  
-3.733682135626315e+00  
9.267047418350918e+00   
1.695030334170477e-03   
2.008399024001069e-04   
-3.523200515022764e-06  
-2.151771770835933e-02  
1.438925671185906e-05   
-2.770942065575498e-01  
-1.221932080066392e-02  
-2.708506058693335e-04  
-2.297862075053484e-01  
-1.961279927688838e-01  
5.968502656286365e-02   
-7.584227659104523e-03  
-3.602554228808565e+01  
-1.559204083936006e-05  
6.194081003854794e-04   
1.221072142065479e-03   
-8.909907167815161e-03  
4.432752839967305e-04   
-5.503035258417940e+00  
2.244832720469686e+02   
-1.673962523486863e+00  
6.592104876405327e-04   
6.408502755544817e-01   
-2.185176049664853e-03  
-1.013774617997515e+00  
-1.042417516041979e-01  
1.855971216159812e-04   
-1.412774605504864e-03  
-1.234336556423700e+01  
-3.392639338615181e-03  
4.922441248007182e-07   
4.764084741817402e+00   
-4.218104631548832e-02  
8.961037399331019e-02   
-2.477707071896747e-02  
7.253758761781994e-06   
-2.542063708849480e-03  
3.419045484769727e-05   
3.083894611014185e-03   
7.396279234014741e+00   
3.847291311937855e-03   
-1.779521088520115e-01  
1.815865227537667e-01   
-3.671431803315621e-01  
1.135086441693290e-02   
7.664652656488359e-07   
4.009643093096872e+00   
-2.307682357327095e-04  
7.644354066467117e-07   
1.760718659428598e-01   
1.147097568570499e+01   
4.631581217954334e-02   
-1.164396546522005e-04  
4.539195747897552e-06   
9.298432940257076e-05   
-1.844858489121698e+01  
4.021561920558715e-02   
8.855433861669937e-02   
3.577375761038919e-06   
1.043343386046741e-02   
3.498266618671832e-02   
2.192159254865258e-04   
1.211160714202498e-05   
3.785675026921807e+00   
1.232407159447377e-06   
-1.392586442225930e+01  
-1.665104237028300e-01  
-6.545848629162836e-06  
-2.067469619017920e-03  
-5.594090066895614e-07  
-8.315235039768114e-04  
-3.889422221856574e+00  
-1.526717436475668e-03  
-5.716304811264469e-01  
1.805119935167326e-02   
2.453872449099754e+02   
6.466218399605674e-02   
-6.524631604685502e-06  
-5.796882492865512e-02  
5.780370324187331e-03   
8.169715228925140e-05   
9.056623745201165e+01   
2.385762901449877e-05   
3.687712012382207e+01   
-9.596639632658388e-03  
-5.151512311315119e-07  
-5.662835229544211e+01  
-9.497745446462218e-05  
1.460917210097564e-02   
2.184722211537770e-02   
8.573045857774918e-02   
1.008628747354730e+02   
1.787621614798311e-01   
-1.834201901157409e-04  
-3.555234769067360e-01  
3.818752016326881e-03   
-3.682141867073573e-07  
2.487197630522839e-05   
-5.260077227038578e-07  
1.968102886941580e-04   
-5.099827316307470e-03  
7.555556910498637e-06   
-1.562220263330750e-03  
-3.629021536346087e-05  
-3.471804813851392e-06  
-1.295152876405729e-06  
-5.329438418039805e-04  
-1.870846441048349e-01  
3.127953568677358e-04   
3.953410817524052e-06   
-1.428331553394794e+02  
-1.110655973996551e+00  
4.094112225201315e-07   
5.016370966653232e-07   
-2.017833904030116e-04  
9.957476831993395e-05   
-2.832363472062804e+01  
-2.399816712695479e-04  
2.754321972212733e+01   
-2.060037870147785e-02  
-8.486473649837579e-03  
-3.224744363238092e-07  
2.917292593010117e-02   
-1.228802494566153e+02  
1.264473213502288e-03   
-2.755163142019409e-02  
5.605777276768609e-02   
-1.523034597934403e-01  
8.691272406897680e+00   
1.661676164897664e-01   
-8.621680247866512e-06  
4.487394170366522e+00   
9.695203057160302e-02   
7.330338683043486e-06   
4.465253757659807e-04   
-7.361611094412999e+01  
-2.014973774326159e-03  
5.229127247534429e-05   
-4.854917148900994e-05  
-2.772157637983427e-06  
-4.062701295304604e-02  
-1.937413252314488e+01  
1.661226707450994e-03   
3.006046552622145e-01   
4.633827495699969e-02   
-3.603986197783511e-01  
-1.420573756962355e-02  
-2.334549595909892e-02  
1.596483107422089e+01   
2.569876044079458e+00   
7.786566743922299e-03   
-5.392009324507489e-02  
1.793929428524569e-02   
2.303350271584745e-04   
2.338317501573455e-04   
2.146019069687040e-04   
-1.132942425067215e-02  
2.751051606853925e-02   
1.065107368251953e-05   
-4.792788496346022e-01  
8.812505051574802e-01   
8.658301033996028e+01   
2.194636847764033e-03   
-3.276258249445253e-06  
1.133156174615069e-02   
-3.044395564674685e-03  
-2.061012290171375e-01  
3.654771686289436e+01   
2.422596038974784e-03   
1.407342285552814e-03   
5.345326143861675e-07   
-5.759555454724685e-02  
-3.406053548466962e+00  
1.745096845230870e-03   
-4.707588573782145e-04  
4.356124952173426e-08   
1.003597844168399e-04   
5.546057227581361e-04   
5.079368725608484e-04   
1.412542707890666e+01   
1.648864287611847e-01   
3.261904100846578e+00   
-9.152893303659069e-07  
-7.673283717675192e-06  
4.539141707658472e-04   
-1.726794426477021e-05  
-7.158751731905449e-02  
1.269141399775565e+02   
8.132008994524510e-06   
-2.139846260026592e-01  
-1.322585843059610e-04  
-2.344871011253557e-02  
-4.132886699491519e-05  
9.451503712809860e-03   
-2.666779262374715e+00  
2.100090036141442e-04   
-1.065374711921235e-05  
-6.415232616697348e-04  
-1.624076247585307e-05  
4.496722821564436e-06   
-1.551948084527110e-06  
9.556614379698374e-04   
2.788443253015696e-04   
1.328911352857814e-03   
1.831692900950037e+00   
-2.662838201006015e-03  
-2.396252629271783e-06  
-1.414912590214794e+02  
1.375966121100553e-06   
1.414813058665385e-02   
-4.953927506355477e-06  
-1.159143275496585e-04  
-3.030803325673108e-03  
5.115128769427134e+00   
-2.797550600069730e-03  
-4.101713545059834e-06  
-1.179107345276449e-05  
-1.321700768348892e-01  
-1.049479839887664e-03  
9.788546989891796e-03   
-7.189625616210618e-08  
1.053026864923463e-02   
-4.649746791635624e-04  
3.649012584858809e-04   
6.056222045522781e-03   
9.166190285036095e-03   
1.409703458486489e-03   
-9.353159005889903e-03  
8.715978207030846e-01   
2.132611529791117e+00   
9.055098394662283e+00   
3.936576415732671e-01   
1.300723567938869e-07   
-2.823687341437216e-05  
1.680187412626194e+00   
4.110139971520488e-01   
3.616341356947118e-05   
2.143360511821050e-04   
2.560449384496002e-01   
-2.564416781078293e-03  
4.067632878195435e-05   
-3.912771213346054e-03  
-4.253540385706191e-02  
1.047120300407422e-02   
1.624454777426469e-01   
-4.936699675714090e-01  
6.347449343254543e-03   
5.589398679367873e-02   
4.459049405860886e-04   
5.523240997993928e-01   
-2.942010787270571e-02  
1.147775750145816e-02   
-2.687068058755154e-04  
1.336126388613476e-02   
2.150119927291619e-08   
-1.216613038849584e-01  
-1.238620381067876e-01  
1.919894520771219e+00   
-2.048321488201118e-04  
2.638147267711698e-05   
2.253831238478278e-04   
2.194411899660471e-04   
6.975285384706788e-03   
-1.515254879191558e+00  
1.375136974031232e-04   
1.255006518261664e-03   
1.849020737192613e-01   
-1.780211086661533e-01  
-1.573691675976876e-05  
7.544466216107814e-01   
-1.337876206920492e-04  
6.632146308422604e+01   
1.047369676575924e+00   
-2.830338774005820e-02  
-3.723713653346139e-03  
1.384643318254164e-06   
-3.423807679721518e-04  
-8.814313731774354e-04  
-6.737207004470781e-02  
-2.667725959502049e-01  
1.126480012371040e-04   
-1.432188699428889e+01  
1.381003614418959e-01   
-1.603158902298854e-03  
7.771115017233131e-07   
-5.829627265627596e-01  
-9.369094579974081e-04  
7.185492396238179e-02   
7.059915022150079e-03   
7.061671358160935e-05   
5.022885436422574e-05   
-1.192612497237088e-02  
4.478814073636997e-06   
6.862465146466896e+00   
-1.844547239307351e-05  
6.637413728225390e-06   
6.945072154946486e-07   
-1.760606187828671e-02  
4.070383226037230e+00   
-1.125098913687602e-04  
8.562312253903481e-04   
7.744953270960805e+01   
-4.730439807308876e-03  
1.985664008220610e-05   
-3.210905108139098e-01  
-8.389118423923591e-04  
2.513986127766219e-06   
-1.535423446970492e+00  
2.516360251886271e-05   
8.639199937311871e-04   
1.269912537812353e-06   
-1.063403185538902e-02  
-5.485857457357460e-04  
1.986375774591600e+00   
-1.575436121058381e-07  
4.861048231819444e+01   
-9.160274621794392e+01  
-1.555609718046569e-02  
1.375292506926252e-05   
6.847842098269137e-04   
-4.709958942889329e-04  
-1.706555530158222e-02  
3.330429091413278e-02   
3.774302620330550e-04   
5.843954481863559e-05   
2.990275520332162e-02   
-4.279901535942686e-02  
-1.262273000754252e+02  
5.708993617123569e-02   
7.178078333209895e-01   
-1.928823679480770e-01  
-1.085738506961782e-03  
-3.229982748294257e-07  
-1.052797698920782e-01  
7.678028929572844e-02   
-1.762085374365459e-04  
-3.441226527878061e-02  
-4.778674029143313e-01  
-5.487350246973993e-01  
4.782988764663742e-04   
-6.066640954423123e-03  
-1.363589658805244e+01  
-1.387907032692709e+00  
-2.262614977514969e-01  
9.290831236461374e+00   
8.716152556393699e-05   
-1.370791826176502e-02  
1.181163674597799e-05   
-2.419377361823234e+01  
-7.538970388788868e+00  
7.347939979222368e-04   
-3.180412132849987e-04  
-6.317258175400048e+00  
-7.368121086238640e-03  
-1.379062258164239e-03  
1.394382080990729e+00   
-1.623534542569971e-03  
5.306101989425723e-04   
1.788727425949945e-06   
6.018573035392710e+00   
-3.560855015396247e-06  
-4.521697878151235e-05  
-6.058741861779733e-06  
2.541231505686015e-04   
1.349680928261845e+01   
8.430554846837374e-06   
3.332067806909942e-04   
2.245989303103495e-02   
-2.212830771785325e-03  
-3.809716625719490e-02  
-4.800987723064925e-03  
2.602823613198196e-01   
-1.539604474475371e-03  
-2.493052015104883e-01  
2.459061859930291e-01   
-1.858996464599001e-02  
3.362250168371645e-05   
1.207478321677842e+01   
6.923682444747593e-04   
-2.518466415744233e-01  
1.736727427349247e-03   
3.494493667083366e-06   
5.924061774449887e-03   
5.118414471780354e-01   
7.235693209805985e-04   
3.030368237878025e+01   
-8.946570239565440e-01  
-1.007137294653015e-02  
2.149168597715312e-04   
-2.247267760695990e-04  
5.273359661027281e+00   
-2.034236713933028e-03  
2.682913255790517e-01   
1.518415079295218e-04   
-4.567832406035994e-05  
1.252738483819159e-04   
-7.069009857224724e-05  
-1.359195749545332e-01  
-3.725208525446269e+00  
-1.345441739312977e-02  
-1.586043616603183e-03  
2.075204710252688e-02   
-6.286784791861614e+01  
-4.893016383678981e-04  
-9.436607413024117e+00  
1.055896603066382e-06   
3.861145491703852e-03   
7.043532321758109e-01   
-1.023031433631121e-01  
-7.359133507413230e+00  
5.883963960739289e-06   
7.920841038896846e+00   
2.592181307168130e-06   
-2.100117618548331e-04  
7.907841914466468e+00   
-2.438611108284496e-03  
-1.303813800754099e-05  
1.700149618263176e-02   
-1.683684062199547e-06  
3.667581361401284e-02   
2.910414818081606e+00   
-1.346782027582210e-01  
-6.292458638091476e-02  
-1.988545647635674e+02  
-8.251872216383543e-06  
5.725862415853089e+01   
1.066705028650128e-03   
-8.314539168233961e-02  
2.586912381993069e-06   
1.779007592255762e-01   
-4.662651217847938e-01  
1.356030138917897e-02   
8.728783617452156e-07   
2.819631473972791e+00   
7.744995850053760e-05   
-7.232452315790229e-07  
-1.254378929798721e-06  
2.739771765736919e-03   
-2.264275917127040e-03  
1.585302565192194e-03   
1.465534263582014e-05   
4.446939741779949e-06   
3.213301585000458e-04   
2.456860392513922e-03   
3.899741408669923e+00   
8.880947721685375e-01   
4.669724269310616e-03   
8.001910859999498e-02   
5.511629381402956e+00   
8.775951909353219e-02   
1.785553247736360e-03   
7.855947126537893e-03   
3.662611402393239e+02   
7.738333278994103e-06   
6.408519746072131e-03   
-8.871972166401551e-04  
5.322235427664213e-02   
-1.415728080103519e-03  
-1.107082660217746e-04  
5.652934287853963e-06   
5.367944700109646e-01   
-2.674852988797261e+00  
-1.552313344264912e-04  
5.020310306821143e-01   
2.123516123323172e-01   
1.713795165829485e-02   
-1.895810184461201e-07  
8.209670313356811e-03   
-8.651618814616825e-04  
1.579395897309210e+02   
2.733269441514876e-01   
1.036219382060959e-04   
-3.407334294498118e-02  
5.857067286585956e-04   
8.138501295576038e-07   
-4.697645293440715e-03  
-5.276058372874686e+00  
-7.326452525426037e+00  
-5.661286883967998e-05  
-1.006417178044545e-04  
1.292303228723673e-05   
1.697987001680087e-02   
1.214836413195514e-03   
-2.268896856375379e-02  
-4.738978243895330e+00  
2.461507404241391e-04   
-1.321429973458634e-05  
1.809864798379609e+01   
-2.298455027300519e-01  
4.664492758434327e-01   
1.083122703190858e+00   
-1.245133107824048e+02  
1.499224316016486e+01   
-1.445306710904362e-08  
7.897189722626237e-07   
-1.685155807934801e-02  
1.188082469957258e-02   
-2.003017739632491e-01  
-2.539627308026936e+00  
-3.111231768864556e+01  
8.962820532027627e-04   
1.164663068862151e-02   
-2.116603322236099e-01  
-1.535393004844706e-04  
-8.445805856748732e-01  
-1.923818562215059e-01  
5.781426573056985e-02   
4.450602284904198e-05   
1.112571899264680e+00   
1.916301735652725e-06   
-4.997557257045334e-01  
1.306905025709590e-03   
1.157124203239249e-04   
-5.214563847641773e-05  
-1.004420458348201e-03  
6.410802512343115e-07   
-1.990556984253449e-01  
-8.525790581475850e+01  
-1.026765158910175e-03  
8.245443523293186e+00   
-3.934130584420629e-05  
8.044135235506068e-07   
1.359912282960380e-02   
-2.946805124548300e+00  
3.987504241648100e-03   
2.405489066844875e-06   
-4.070794781617700e+00  
3.625290870296070e-04   
1.476051051132428e+00   
-7.587139478365685e-05  
-1.126393401429315e-02  
1.132653878207041e+00   
1.685049983376172e-02   
-4.106560712304973e-02  
-7.942597758482934e-05  
2.941385249642889e+00   
5.341008334096303e-01   
-9.233719692338620e-03  
-1.908791084704182e-03  
-1.400328992534256e-01  
-4.779729272825972e+01  
1.916066601521769e-01   
-1.535692219952720e-05  
-8.703631232104129e-03  
1.687646150887926e+00   
-2.303937370045122e+01  
-8.926869218957268e+01  
1.140665429422205e-05   
1.277923316844914e+02   
1.753760323387857e-05   
-7.157013865052887e+00  
-1.801577370818461e-04  
-1.736882371634385e-02  
-7.959988861102789e-03  
-1.225960194950019e-07  
1.360838894667525e-02   
-5.683156006267580e-03  
-4.153672808477449e+01  
-3.388606921569772e-04  
1.978399700552244e-01   
2.186671907456597e-06   
1.696306433704677e-02   
-5.786708409007477e-02  
7.749466851374747e+01   
-5.465303447695640e-06  
1.175302926940256e-07   
2.466862221679634e-05   
3.626506921698255e+00   
1.125702149351797e-01   
-7.835670086851868e-06  
-1.005790081805714e-03  
1.194202025712160e+01   
-3.051115649101954e-01  
-3.687757662733722e-06  
5.270438224924842e-05   
2.542036562405670e-02   
-2.422249277620311e-02  
-6.408006301797538e-02  
-3.312515711802407e-02  
3.714878687330204e-02   
5.600088346651197e-01   
2.393841216961014e-06   
1.805352209423573e+00   
-3.522735560509453e-06  
-4.491636911557538e+01  
2.561500768191138e+02   
-1.661355161557524e-05  
-9.921716559373932e-01  
1.830374652319117e+01   
5.517112921662540e-01   
8.963617757368336e-01   
-3.571472028220909e-03  
4.567487187884824e-01   
-6.569605857314843e-06  
1.498790830328085e-03   
-1.311675350184293e-01  
2.273921660794888e+01   
-4.538818849192793e-01  
6.999601285903664e-03   
3.745645137628129e-03   
-4.544584322664610e-04  
-2.052714102863674e-05  
-8.169823222858966e+01  
1.074091502153648e-03   
7.801635769204265e-04   
-4.494615706648375e+00  
-2.243423376894866e+00  
-2.824817515778696e-02  
2.485919258703021e+01   
1.311061540216438e-02   
1.985373295972309e-01   
-2.497185383057733e-05  
-1.326464261382772e-03  
-3.605196934328981e-01  
-1.836836394370529e-02  
1.825691105537530e-01   
-9.129788791504601e-03  
1.109251672663785e+01   
-3.141337350299514e+01  
-1.273003125970621e+00  
2.727025998802892e-03   
-6.335179263545797e-02  
-7.464163203582105e+01  
1.248673253851213e-02   
3.894207263138745e-06   
1.179090258458913e-03   
9.828923255389007e-03   
7.797876872555488e-02   
6.049769809540390e-01   
4.947393535427712e-05   
-3.413821583574097e+01  
1.850910251449364e+00   
1.980731411873482e-05   
-6.569680099889571e-04  
1.351625968796524e-02   
1.208465934461621e-06   
3.156974861799112e-01   
2.196874720214442e+01   
7.750953631463967e+01   
1.577271215459405e-02   
-1.425676034621193e-01  
-3.294059886252052e-02  
1.174708613970468e-01   
3.742981769126078e-04   
3.255703745684274e+01   
4.671269296735076e-02   
-8.212701803524887e-02  
-3.861936338427931e-02  
8.539114941528438e-02   
-1.873153772724602e+00  
-5.984544060401362e-06  
7.027007827490593e+01   
1.537700042294329e-03   
2.541059196545326e+00   
-1.999870985043794e+01  
-1.646997217450060e-03  
7.320935058284104e+00   
-1.193834273469371e+02  
-2.054950142971166e-05  
1.592166855662835e+00   
-2.188765979161596e+01  
3.602289440281813e-02   
1.139430939204614e-01   
4.006337633348618e-05   
-3.524258055119697e-02  
-1.619517159488073e-01  
2.255004935899681e-03   
3.335228731619353e+00   
-9.550046092076296e-04  
-2.477621232745197e-03  
8.037465778626943e-03   
1.205751922746490e-02   
7.065658497252766e+00   
-5.692892221992792e-02  
-1.409292854475156e-01  
1.331696034102000e-06   
1.179344947484572e+02   
-1.357830161499481e+02  
-1.229243480689723e-06  
5.538528356463498e+00   
-1.110249503178018e+01  
2.255520476870178e-02   
-5.097303442852359e-02  
7.770910640124500e-01   
-1.517761027723727e-02  
-1.012874684219494e+01  
-2.464962142325531e-04  
-1.340209136907479e-01  
2.326577135678165e+01   
-9.010126730159305e+00  
-6.379835756340722e+01  
2.142649126462284e-01   
-7.435748779287890e+01  
-1.674389491306607e-01  
-2.977061557811494e-05  
2.873644015953226e-03   
8.851517645315811e-07   
-3.553668204372330e-04  
-1.453127025302926e-01  
1.974872523627513e+01   
6.965509322164195e+01   
1.140527908652089e-05   
2.372566659738561e+01   
-1.795506952082673e-02  
-9.779418077157926e-03  
-2.040447807300918e-04  
5.625714003832528e+00   
-3.095989389413138e-02  
-5.475625006358263e+00