-2.596170736798926e+01
-8.052885034967450e+01
-6.071251840898481e+01
-1.149049228193285e+02
-2.990570440876897e+00
-5.444246792900335e+01
3.705483920615589e+01
-5.265575326577430e+01
-7.559270788076957e+01
1.217497536184219e+02
2.158323791475104e+01
6.436585911709743e+00
1.989944104251827e+01
-3.997535800970061e+00
2.964531209511178e+00
-7.440404997256367e+01
-5.777841335843008e+00
1.695273421011704e+01
8.550845441400899e+01
-7.266509097934047e+00
2.167905532825905e+02
1.184794277364381e+01
-3.369156890533414e+01
-9.421193450132986e+01
5.560800617609075e-02
-2.222731896818658e+00
-4.275682283529756e-03
1.674049482365373e+00
1.437568954560778e-01
-6.003313826664943e-01
-2.740052274067768e+00
2.240593851933424e+01
-3.455190547847204e+00
1.234340994544827e+01
4.439267195144900e+00
4.694873891271357e+01
9.292112460096520e-01
8.198206329799267e-02
2.832430165358130e+00
5.610833514362240e+01
5.286912622248398e+01
-1.511418542650688e+02
-3.180660597738047e-01
8.127343776451921e+00
7.894357382972377e-01
2.828884917608146e+02
9.798662636763808e+00
-4.152771198619437e-01
3.201090351098698e-01
-1.561050201146985e+01
-1.046066281448493e-01
-1.208757975950500e-02
-3.588571024443254e-01
1.512379009926246e-01
1.254488972158250e-02
-1.713889247658509e+00
1.122585481799426e+02
1.887097986428423e+01
2.161112613696395e-01
-1.873436112374084e+00
8.006585342853720e+00
-1.812410935830563e+02
1.022004595345435e+00
-6.060100557228213e+00
1.130428126341357e+02
-1.051393246843018e+00
-9.776982955434652e+01
-7.049630474303936e-02
2.102944645168933e+02
4.777389267407870e+00
1.054510936763293e+01
-4.127092336918005e+01
1.566520760678404e+02
-1.000386130666050e+01
-1.439691154761458e+00
-1.585142169700555e+01
5.260605795460052e+00
-5.782755602845233e-01
-8.897412298935286e-01
-2.313500778209074e+01
1.895336305345398e+01
4.107004971530292e+00
4.442723535135809e+00
3.757590066033789e-01
2.480003958062700e-01
-1.638107319463992e+02
1.821605888422634e-01
5.564910338911239e+01
1.429903378398707e+02
-2.684642176814255e+01
-1.589675486638430e+01
4.869642036555799e-02
-8.958859154225469e+01
-8.096009000564234e-01
-2.114795922693920e+02
7.150175465519947e-03
3.031991099817433e-01
1.154338645192927e-01
1.758055923864028e+00
2.489641093661157e+00
7.437353031314672e+01
-4.285320108336865e+01
-4.249033437710326e-01
1.224219078840057e+01
-2.060213890939394e+01
1.555171636491504e+01
-1.687135845109228e+01
-1.021059226984450e+02
-4.719259301765285e+01
1.059713473394629e-02
5.343116513418452e+01
2.249655331097951e-01
7.978028084788183e+01
-1.025443170945053e+02
3.338405798421184e+00
-4.276214157870562e+01
3.401913299932301e+01
2.952017341554170e+01
-1.821571947990871e+00
3.200509727092218e+01
-1.083341411968724e+00
-5.208436010237868e+01
-1.865477861059634e-01
-3.003202756215872e+01
-3.062948841393754e+00
-7.699874294698736e+00
-9.915508873005597e+01
-1.526391477792018e+02
-1.026586757925436e+02
-1.021164718756440e+01
-6.900637764838463e+01
6.061744263778928e-01
-2.012778329341088e+01
-1.727194247075185e+02
-2.360936646596516e-02
1.196448744742008e+01
-7.059426229000976e-01
7.602666256292825e-04
-7.235685594327133e+00
-8.489729432243236e-03
-5.903637556354554e-03
1.940618018527970e-01
5.533879279159776e-01
-1.469712669462920e-01
-6.741357749743497e-02
-7.748998086470056e-03
4.080996419923375e+01
-7.680347116796658e-02
1.877769015184096e-02
-4.682638177573329e-02
2.375257480637305e+01
3.771948259455198e-02
3.816160115425035e-01
-2.009892132082631e+01
-2.113779708532906e-02
-4.424845099719037e-02
2.236542729227295e+00
-5.639378421667655e-02
-1.241085963424378e+00
-1.519253149424154e+02
-1.971619509309392e-03
-1.186430593172547e+00
-6.486685027345094e+00
-5.255365621398338e-02
-4.698314911539040e+00
-1.286088841168223e+00
-8.829983213292516e+00
-4.381007237224611e-03
-2.744753085716633e+01
-4.444350130656451e-04
3.945605021969006e+00
-1.005647686613056e-01
2.021869245555520e+00
7.733930095406871e+00
1.421871456501909e+01
-1.616890956149112e-01
-1.197212009833250e-02
1.144259207454808e+00
2.844590098785900e-01
1.643467161106949e+01
-1.138159782050448e-01
-1.791015755996045e-01
1.384065554880253e-01
1.906679184340089e+01
2.560031794249777e-01
-2.202899669846758e+02
1.613363117166659e-02
2.393401405259303e+00
1.456323542943747e-02
3.010965557111596e-03
3.697791909589272e+00
8.387574306371660e-01
4.921379934415008e-02
-3.068477939572300e-02
2.587842754836145e+00
-1.300928747028955e-02
4.879457951756083e-01
-1.733358268927571e-01
-1.195294515923995e+01
1.676667831335920e-03
-6.248294584793882e-03
9.166456048359002e-02
5.202983115863327e+00
-1.748916630977908e-02
2.917621937795479e-03
9.608500000670094e+01
6.581149128968838e-02
-2.498679406422421e+00
3.743062804145535e-01
6.172002637315042e+00
-1.792023858656875e-03
-1.063167949578084e+00
6.433308503546642e+00
1.492073848915250e-02
6.013038274040114e-03
-3.222740382800163e+01
-1.590392878534941e-02
4.163691184780030e+00
1.599208067390669e+00
2.343655805345958e+00
9.059535436565618e-01
-6.896236722314890e+01
1.473047005393938e-02
-8.384076523379207e-01
9.979993173380696e-03
4.140224540738916e+01
2.287212805126352e+01
1.433797528689479e+01
-1.546600517582030e+01
-3.674310057159149e-03
4.884302755938914e-02
8.377640499959579e-03
-9.647397920994547e-02
4.380511094610441e-03
-2.765809799981219e-04
8.265626908921223e-01
-1.242368435731108e-02
-9.965484417899484e-01
9.505298910765056e+01
-1.656812208118487e-03
3.860583622024339e-05
-5.889646441969385e-01
-6.692421871611672e-03
2.375611571863107e-02
-4.061033995921774e-02
7.467870190054029e+01
-5.467043873366947e-01
9.212204502139824e-02
1.738973297177170e-02
-1.330373721154233e+01
1.783849635667994e-01
-8.181012045662607e-01
1.125258385294883e-02
3.881545384090226e-04
-6.132567986816815e-02
6.794721826706538e-05
-2.723812104830162e+02
-2.275433492171160e+01
2.780266537340645e+01
9.018600623055194e-02
6.700026516777876e+00
1.629682817917570e-03
-4.060030039442528e-02
-5.543861664030022e-01
6.202240156383703e-01
8.906522586484094e-01
1.263237234872033e+01
-2.424589976016672e-03
-7.088416518634124e+00
-1.329984977572651e-02
3.733964121128450e-03
4.487555297152666e+00
-6.242067030424995e-01
-5.620321828156098e-06
-1.500414861476484e+00
-6.849221405873533e-02
-3.615666738229137e-01
1.111431136674863e+00
7.626510987109622e+00
2.650578350673417e+00
8.623547458961700e-01
-1.739695634860852e-04
3.392100701260911e-01
1.817144714020963e+00
-7.841858579042859e+00
1.565334823237302e-01
3.673287965530921e-02
1.025409305470397e+00
1.321924342226301e+01
9.727622333589854e-02
-8.154282081804885e+00
5.091687518805829e-05
-5.877512893164171e-01
-1.083470807336442e+01
-6.771593295973918e-02
4.254069353686194e+00
-7.299811648611607e+00
-2.171024336685325e+00
1.119349316805653e+01
1.176607763449651e-06
-1.814857881016470e-01
-8.984712453706638e+01
-8.582851793440831e-01
6.679700627914901e-03
2.633150214178027e+01
-3.403133773360453e-02
7.578519055360804e-01
5.828901400143685e-04
-2.594935541655458e-01
1.493785582519595e+00
1.227664052999169e-01
1.777870131663913e-01
5.239323406617143e-01
-3.685656113669917e+01
-1.507837185575232e-02
1.671547963345358e+00
2.368278990312087e-02
-1.033597527539507e+00
1.460465525240062e-02
1.573047832736902e-01
-8.522067477045492e-02
-3.141365974598047e+00
-4.467784685308706e-01
2.527733986723700e+01
1.423170349212095e-02
6.512940051528709e-03
-1.066720209654001e+00
1.493006856199817e+00
1.976790364269827e+01
-1.529519863878641e+01
-2.587706302359646e-02
2.945440455534787e-02
1.813404858083224e-02
-3.910264911131773e-03
3.502921800884020e+01
-4.412050596057676e+01
-1.158317882680677e-01
-6.793509979020979e+01
4.546526119774624e-03
-5.070009200171883e-03
-2.668391759797300e-01
-1.123049233049790e-01
1.770027825359875e+01
5.140190966721368e+01
1.001027149476825e+00
-3.876763987986555e-01
1.518421135025046e-02
-7.207036658625821e+00
-1.804478507684856e+00
-7.062838363475386e-04
2.057105086229144e+00
-2.590246596885656e+00
-1.660719423889755e+01
1.197893329594989e+02
1.168718022955046e-01
3.811355150116406e+00
-1.906652703841288e-02
1.282087012473283e-02
9.453762571105569e-02
8.075421448217471e-01
-6.587733007170952e+00
2.271165173628833e+00
-3.845131695824120e+00
-9.271349155168382e-01
-2.139931032449654e-02
-9.454560807058450e-04
2.336013046884757e+00
-1.412135095244425e-02
-4.153662158203619e-02
-1.113799289333673e-01
-1.099522186491496e+00
2.438513335895216e-01
-7.137989734409758e-04
-6.507525635458360e+01
-2.912267695172859e-02
-2.658040022480571e+00
1.916169943038069e+00
-3.699055463157033e-02
4.942190297889571e-04
-5.820889839705258e-03
-3.846669425000795e+00
-5.935999088366736e+00
2.674586647309214e-02
1.878096979639104e-01
1.937812789446870e+00
5.403595049406248e-02
-6.792379724136712e-01
-1.893988340404811e-01
-1.077636310823533e-02
-6.419174177538731e-04
-4.756528264061518e-02
1.633497363496236e-03
-7.720863871112707e+00
7.326852557499300e-04
-4.019989849880471e-03
1.113033408280359e+00
3.101459753719681e-02
-3.495321348273330e-02
8.895780525000399e+01
2.868755066865353e+00
1.346199426855483e-01
-4.049599473821779e-01
-1.042075105729420e+00
-3.172951761940275e-02
3.326002736633105e+01
5.012146339513424e+01
-7.448758762086022e-01
-4.331914175748052e+00
7.808320586978671e-01
1.619520622596965e+00
-5.264989848973956e+00
1.315586643259378e-02
-2.067318181761388e-05
-1.991434119492371e+02
-1.318346408376154e+00
1.894525368713562e-01
2.245935560602203e+01
4.889218764215480e+01
-1.169924365902370e+00
1.511905836854218e+00
-4.727454797473399e-01
-2.339473077381412e-03
1.045664041477224e-03
1.968370356668747e+00
2.421342407185999e-02
2.430773210636921e-01
-1.266388070344054e+00
-4.958043007748778e+01
-6.335521482766613e-03
5.693288785855109e-02
9.772696111452408e+00
6.215926297242547e-02
6.980166924844759e-03
7.561159195850179e-01
1.558241396365592e+00
1.696343350972473e+01
-2.707024311195077e-03
-2.425913075206234e-04
2.226207661089738e+00
3.263440347605019e-02
-2.019949907397899e+00
3.622589017691120e+00
-1.753107566049070e-02
1.773317932587444e+00
-2.520010871894596e+01
-3.679372116219752e-01
-1.066164452282198e+02
1.663589004327963e+01
2.922360973233530e-01
-3.148613170912200e-02
-1.416502796078304e-01
-1.285178136994508e+01
6.596412313679235e-02
5.124706183555594e+00
8.101966108088723e-01
1.246355612403549e-04
-3.131445564963365e+01
-8.929624908700146e-01
1.515315885044942e-01
5.014923194051658e-03
8.309249827400766e-02
-1.348780471967697e+01
7.329566462009842e+01
-3.033396140564869e-01
1.552041709709622e-02
1.138951955844983e-01
4.701189580682198e+01
-8.348337344893766e+00
-3.837251330742062e-01
-9.517582030555252e+00
4.840640768082866e+00
-2.408207186145210e+01
-1.098975426340950e-01
-4.250294416932308e+01
-1.740780342589112e-01
7.926378096433866e+00
-2.621657830422383e-01
2.723826396407745e-03
-1.536120949438600e-02
8.881553868925003e-03
-3.795843184317894e-01
1.031002969611455e+02
-1.789145191335761e-04
6.477225103870744e+00
3.775513733226298e-02
-2.545759729957952e-01
1.467430121128256e+00
1.469527702382014e-03
5.889229773934859e-01
9.503784725690373e+00
9.834343003444651e-03
-2.407886476597230e+00
-1.357232842422294e+01
-4.982813944609833e-02
1.285748614188322e+02
-2.784449686567453e+01
7.351388248038567e-03
2.300567394819867e-05
5.639511259453979e-01
-2.063989875060598e+00
2.330624864463334e-01
-5.713670482939286e-03
-9.740761129493705e-04
-9.460373121279515e-04
-1.759482188590148e+01
-7.197299830107424e-03
-7.784245313806933e-02
1.529607273529482e+02
2.748271911293492e-04
6.014393211849794e-01
-1.267602441252234e+00
2.487045604331533e-02
8.757184064812358e-02
-8.512015715712510e+00
-3.742577847850979e+00
7.943652768770165e+00
-1.083410831241016e-03
1.778822440426740e-05
8.228603439255484e-03
7.946876712509349e-02
2.499138765846114e-02
-1.000989982349400e-02
-6.307800879112594e+00
1.338877793754635e+01
4.055850043738934e+01
1.036633496911137e-02
-2.440329004708161e-01
1.439257421234872e+02
-2.264030338193100e+01
-8.888398931739482e+00
-3.627374197730896e-02
2.341832824371973e+01
-8.065980361375674e+01
3.684488898235119e+00
2.245476702802692e+02
-3.837690396083505e+00
-4.425199201417036e-03
-2.802828349511388e+00
-2.507849680124394e+00
-9.003987441086497e-02
-1.691655848779220e-02
-5.586349748497873e+01
-2.136064717520557e-02
6.809459015168286e-04
1.627298033721613e+02
7.501916123662794e-02
7.545131066387226e-03
2.658681548093857e-01
9.058387302326021e-01
-7.649586882932552e+00
-2.063105193498492e-03
1.319824021138297e-02
-5.223387979854005e+00
9.219149637269243e+01
-2.391857355801390e+00
1.369087754374813e+00
5.387096772756535e+00
3.525251705392392e+00
-3.710312211470227e+01
-5.927053209577348e-01
-2.354170086383186e-01
1.496889507512993e-01
-1.281438178218130e+00
-4.686101111907455e-02
-7.962924851160674e+00
-7.510900556499853e-04
2.972970995334063e-04
-4.062132380566421e-01
3.914169915091274e-01
-1.028775714000682e+00
-8.446423811699274e+00
5.283791808573211e-01
-9.606940705520510e-01
1.077666608416971e+01
-8.676412097878421e+01
2.075231710400496e-02
-1.793256449250779e-05
2.063310779398761e+00
4.046960141064906e-02
1.086448006185637e+01
2.612959072696321e+00
-3.382318112423171e+02
7.393130010659391e+01
-2.075699337342959e+00
2.626652645833807e-04
-1.858607493811686e-01
4.306157727046414e+01
1.108320826503796e-03
-2.602971352001029e-01
-3.007621576467873e+02
2.697785809120759e+01
-4.684680826437156e+00
-7.464780943085326e+00
1.000194739081826e+00
-2.547415944248553e-03
-1.164617178194915e+01
-1.016270417397823e+03
7.846798862208036e-01
-7.289012330582256e-05
7.463179354532829e-04
1.592491514682793e-03
-2.832720759841526e-03
4.510462036010609e-04
4.439170853221442e-01
4.529251083414970e-04
2.239889156115239e-04
2.016163742600589e-03
4.895240188783072e-03
-7.089848963103863e-02
3.282450842921262e-03
-1.019423105903789e-04
-5.810409983065226e-02
-1.303232804411736e-01
1.178857332509780e-06
-3.882178583952512e-02
4.516702801205350e-02
4.594731153386747e-01
-1.297256246738742e-02
-7.133018438700586e+00
-2.216443727622911e-03
-1.397648392528146e-04
2.215644493763688e-03
2.932932532864631e-01
7.207545928113405e-03
5.101065636901487e-03
-1.055713796749970e-04
-3.018397981554436e-01
2.618961195722939e-04
-9.775610560021947e+00
-3.806782356935832e-05
9.316691905810025e-02
8.802910589687439e-01
2.095592917299397e+01
6.329893692837120e-02
-2.604788113122166e-02
-7.893123529747437e-07
7.482588226508050e-03
-3.839868233170111e-02
-4.335490722443739e-01
-3.779662085511389e-01
-2.221500606552456e-04
-5.075326489991274e-05
2.499291576932469e-02
3.347400639777460e-01
-1.407564795213437e-01
2.034411874462669e-02
1.422832634129158e-03
9.017536935623575e-04
1.623360669416122e+01
1.443632143730979e-03
5.139547844290230e+01
8.899929044766877e+00
9.204421690096741e-03
3.198889954914585e-01
-1.370676254986725e+01
6.463157018203600e+01
3.124005862005623e-01
-1.444159955584098e+00
2.343559470630583e-02
6.600616681980228e-01
-1.146142161182921e+00
2.727445173245798e+01
-1.418203795775340e+00
-1.551649765359244e-04
-7.175597991136327e-02
-1.642638884697464e-01
1.138978979658991e-01
-1.457681620143418e-02
-2.438458188295427e+01
-2.790247280642721e-04
4.652651845098401e-01
1.765627245059855e+00
-1.058310041815718e+00
-4.242171881906357e-02
4.884634776796962e-08
1.617425576987768e-03
-4.339471943361065e+00
-1.707979450634245e+01
-1.013199041781417e-02
8.037304067416110e-04
5.663716374679642e-03
8.759853924939986e-07
-1.268545545295117e+01
1.062556777167121e-02
-1.819446260350249e-01
-1.801319460899068e-02
-3.384475052146037e-05
-1.333811854352352e-01
-5.303462967544741e-03
7.554540181529466e-03
2.547618740730665e-02
-4.784289253025638e-04
-1.864402705348626e-02
-7.807390213662212e-01
-1.189179178207739e-02
-4.538385181659942e-02
-1.006081712304354e+01
3.613161687165878e-04
-5.592165955597772e-03
-1.538209116013103e-04
-7.747352664886178e-02
2.660716954988253e-03
7.908308883803190e-04
-5.255286594978880e-04
-9.133921978217386e-01
-1.458854449370585e-04
-3.133246238251262e-01
-4.853905991110262e-03
1.211479479870366e-03
-3.691256163650868e-06
-7.223467210614923e+01
-1.594760261165786e+00
-4.340047355510582e-03
1.972693802235559e-04
-1.452190187490436e-05
1.631928945191599e-03
9.587497426807628e-04
-8.420027997937612e-04
1.857913717424783e-01
-3.680563890044836e-07
2.162014573897137e-01
3.974272097458749e-03
1.152246279199333e-05
-2.812401714540103e-04
-2.202551169303387e-04
2.163753850499846e-04
3.305698803205763e-03
4.922731568067355e-02
9.851484345917703e-03
3.461177382502586e+00
-3.071160016242973e-01
2.215881222401729e-02
-1.233240091488583e-05
-2.799102617839625e-04
-3.070834692935102e-05
-5.995774862626698e-06
-2.108737490451236e+01
1.341545652032341e-01
-4.327988255504457e-07
4.211252551832712e-01
-5.608444232333984e-01
-2.577294334325954e+01
2.168580102608099e-05
6.740734289021885e-03
2.393814333997417e+00
-4.164897124606746e-04
-2.597941481134865e+00
-2.243707726203373e-02
-1.180272904099442e-04
5.576359378810183e-06
3.247597598021084e-05
9.146494808965588e-04
2.552835221356206e-02
-2.925619143216548e-04
4.727185709416974e-04
5.162066749321140e-02
-5.840114751075856e-03
4.448799496805697e-01
2.097608508343105e-05
-3.272767633849964e-02
1.446327523741082e+00
6.005376380669148e-05
4.456714682444555e-01
2.117960778332646e-02
1.624532851088718e-01
5.371011069129899e-03
-1.028983430112997e-04
-1.659641127209810e+01
-4.596039580120000e-02
9.598829828814596e-07
-3.576928692615191e-01
-8.757193379800850e-04
-1.731910140359761e-04
-1.824910577696859e-01
5.172959632997936e-04
1.947198332081818e-06
5.433728151659660e-04
2.733672659140430e-01
-1.685359918437153e-01
1.267259841384978e-05
2.867934380778046e-01
1.079296776183000e+00
-4.113805438160095e-01
1.824667947339723e-02
-2.010783779069087e-03
3.647367902120127e-03
-2.801096690556281e-02
1.583060150673324e+00
-9.939637549330764e-05
5.702446533267326e-04
-4.075575434110450e+01
9.802753921426972e-03
-3.501357405227584e-01
1.526844046092570e-01
-6.414054385189377e-02
2.954686332258868e-02
-1.536055951125524e-05
2.535224789593462e+01
-9.566990342535095e-04
4.353390235494055e-04
-6.264736627202328e-03
2.765144971362629e-04
1.085164479068762e+01
-8.007990707969922e-01
1.740708129082840e-03
3.188153204075378e+00
-1.210951335228656e+00
2.892194520622831e-02
-5.909255058485865e-06
7.067379105417086e-05
2.219496808750538e-02
-3.306110568575894e-04
-9.799101327518565e-01
-5.684813847926675e-03
-6.905693540676647e-04
9.318261641491297e-03
-3.149008426047339e-04
2.557799197773257e-05
-1.211240450639017e-01
-1.850910479228476e-01
5.184837096055753e-01
-4.005518248163041e-02
6.525141360302402e-04
-1.866146119709247e-02
-2.688160104721287e+01
2.122708140134338e-01
-5.497442657278000e+00
-4.091420525948421e-03
-2.966387422542672e-03
1.207076192358369e+02
-4.491991367005178e-03
1.024309429393630e-03
-2.344926871246883e+00
-1.126068573081714e+00
6.653152117766104e-03
2.961704566605929e-04
-1.753904493567355e-02
-1.099495029460933e-03
3.544148922686906e-02
2.546745497284361e-06
7.193913109295889e-02
-2.833059146087967e+00
1.007348185603509e-05
-6.441633593932194e-02
-4.459066415177846e+01
-2.156917074708557e-04
-3.476559708303989e-05
2.244341322123159e+00
1.687335909167847e-03
-1.278577047092058e-03
6.801750742998399e-03
2.572353475343758e+01
1.952150446401254e-02
-1.656993421417201e+00
-2.264404102376441e-05
1.283198727078370e-05
6.897818789014167e-04
-3.927079211429493e-02
2.719399188755530e-04
5.523985756641634e-01
3.072529790523459e-02
3.197030770199771e-03
7.936935691679482e-02
-8.122149701021498e-05
-3.714455980248894e-01
1.799856574572291e+01
3.441994226173320e-03
2.878734119673521e+01
-1.929160855437304e-05
2.710479785520950e-05
-4.626225196655579e+00
2.698195216719429e-02
1.434866060760894e-02
-5.308609285288379e-02
3.124010130168794e-05
8.760071991972694e-01
4.196678523986137e-03
2.437522936001066e+00
-4.182556787761310e-01
9.890551184066449e-04
-6.757950010807963e-03
-6.679866888999648e-01
1.618040928855130e-01
1.873825160381580e-04
1.527612152205689e-03
-9.542726303061574e-03
3.133376191506182e-02
3.810792767392099e+02
-1.759487035925680e-04
-6.561018850594832e+00
-4.285813362588488e-01
-2.402497217869455e-01
8.334539664201918e-03
4.008033012759614e-08
-6.882872724624809e-07
1.184897642656387e-03
2.441413850741010e-05
1.021999742809907e-04
1.925702245119847e-01
-1.197185694066016e+00
-5.745067747068811e-04
8.859458667581199e-05
7.409347172171469e-03
-5.435362357284723e-01
7.990214017728879e-06
1.854831413545095e-03
1.452469524400121e-05
7.925311044324581e-01
-1.493163036105570e-03
-3.823813049064311e+00
1.067531236521463e-02
-3.242028101659356e-02
7.376013402903057e+00
-1.538282250006143e-02
-3.509643568146272e-03
1.384475026466456e+01
-1.876702077247171e+00
5.473030225578472e-05
-1.865366073546694e-02
3.190387453762488e-05
-9.020820742340044e-05
-1.079813456828910e-01
2.231267089037020e+00
6.514904927239346e-02
5.918698914187244e-04
-3.579341123167615e-04
-8.506492931476245e-02
-2.352982543491596e-01
-2.238499804678057e-04
-3.301078365375026e-02
3.958382723796146e-03
9.207643870142973e-05
2.080563104514906e-05
-1.566007442590596e+00
-2.900732633298274e+01
-2.663663564886227e-02
-1.103803366174761e+00
8.163839658491562e-05
4.772057722093196e-05
-4.447900620095307e-01
-8.535393151475900e-05
-2.312428776664188e-03
3.782533403812188e-07
1.152739090506124e-02
-3.300482837840278e-02
8.180349615148396e-03
-6.083930497927205e-01
1.861182758611300e-02
-7.306812443230573e-02
3.243365336188055e-02
4.722617676326187e-02
2.002642651746549e-05
9.309718852205123e-01
5.402290980168338e-04
-1.361086216892055e+00
-1.096759720147205e-04
1.934903470853855e-06
2.267915384998398e-02
1.007047871850980e-01
4.567976824509927e-04
7.472381823952634e-02
9.761577692895389e-02
5.123128964776492e-05
2.708596696474915e-02
-7.297331747462376e-05
-7.331109045414549e+00
-9.632540487303323e-07
-6.095448003296636e-07
-1.097469507339013e-05
4.745698921291611e-01
6.107479052088797e-01
-6.231774148829933e+00
-8.895330166993214e-02
-2.889417249808505e+01
-4.180375281703080e-01
-3.823317811405240e-03
-1.426863201193840e-04
-4.478009228639102e-04
2.630925677562692e-02
6.052582720906326e-02
-1.105764988290711e-01
3.531325607476909e+00
3.583819528441950e-04
-1.518622570287880e+00
2.242594842752142e-01
-7.688637342363257e-06
2.468269605228748e-01
2.249715454095751e-05
-8.089616183912362e-03
-1.087879175040636e-05
-2.015704650741188e-01
1.263318818738314e+00
4.139857918866162e+00
4.109392505192031e-02
-2.128482577525865e-02
-8.255714467750914e-01
-2.498467530492681e-04
-3.893069279619866e-01
-7.899640182175684e-03
-5.849651191809914e-05
3.967406001652149e-04
-4.192518343924402e-01
4.046472403667615e-04
-8.122719281174753e-06
1.060569395953000e-07
-1.243002549453433e-04
-2.605917401332397e-02
-3.691410395560731e+01
-3.932406153803186e-02
-3.648876941569318e-02
6.771405704658801e-01
2.936712559319103e+00
3.728453107380528e-02
3.486066858573587e-03
5.917820898323387e-01
-1.030930369252444e-01
2.963784751012733e-03
8.104443397782279e-05
-1.496154086845594e-03
3.887897691658455e+00
-6.318167211460174e+00
-2.705448780841791e-03
-7.616960785452383e-03
1.596268517072966e+00
1.615211426103058e-04
2.397757203659174e-02
-1.623950371580097e-03
-4.512687844403036e-02
1.976704646407787e-05
2.747294930304656e-01
-6.724977575832912e-04
-1.544066218842814e+00
1.227112566898098e-02
8.808290749500809e-06
6.994679909545219e-03
-5.048617996597411e-01
-7.252607683475588e-03
2.513693776932833e-02
5.587072294341677e-01
1.444658741999162e-01
-1.490203801742628e+00
8.225056612021088e-03
-4.325508244205566e-02
1.203256818766778e-01
-3.016887169324097e-04
-1.681817967325553e-04
-5.572409579968762e-04
5.388154844116148e-02
-1.115374190717659e-06
1.732440334795127e-02
7.976924448054986e-05
1.114218321830846e-01
-1.702027758147286e-04
-9.795064028734300e-01
-1.056232228202176e-02
-9.180814209006126e-02
-1.044835151899108e-06
-1.218423148611448e+01
-3.451871113842737e-01
-1.803158192832507e-03
5.446311413812499e-03
2.151834269257358e-03
-3.025426220885929e-04
-1.226512938374689e-05
-3.100583233434254e-04
-3.036953056270924e-02
4.567304268930578e-06
-1.019039704603050e-02
1.656457492844532e-04
2.930659660223953e-03
6.509393635397489e+00
2.190990772700917e-03
-6.547964316937027e-02
2.792611288939008e-03
-2.804367937627384e-03
7.872111807800630e-07
3.358351643853005e-02
-7.867748384664364e-02
-8.161750230201518e+00
2.542365944380191e-03
1.739728993430103e-02
-2.319314567648460e+00
-6.687918717771914e-02
4.873838167207739e-03
9.934280893472336e-02
2.727468088348782e-05
1.024281526830236e-01
-1.021067457209253e-04
-1.466405468980594e-03
-6.962415322518693e-03
-5.261894042215892e-04
-4.559231287297309e-06
2.225167719647148e-02
7.572761588797159e-04
7.170486189015619e-01
4.534571334579238e-02
-3.407651270931027e-02
1.118994946798380e-02
7.548611476512646e-02
-1.672064220291753e+00
1.165195876196394e-06
-5.823853019719024e+00
1.631694489407615e-02
-5.334039526045561e-01
-5.115338260043853e-06
-9.549673862051930e+01
5.779640655328714e+00
7.802961625162947e-01
-1.055908667637842e-03
1.448934285748771e+00
-3.614160244329352e-03
-3.620010653973261e-04
-2.371365687114097e-05
-7.931539113990206e-03
-6.689563417315789e-03
-7.834792697486548e-05
-6.366030803573222e-02
2.279031393016642e-06
2.353207298664144e-02
1.935308100528995e-05
3.460400831535728e-02
1.283133310296796e+01
3.620088069870774e+01
4.644187622614054e-01
-7.466514194036649e-03
-1.657471762099221e+00
-4.258863070269883e-02
-6.923099164188432e-04
-1.352486202041689e+00
1.542640002881182e-01
8.912809726879590e-03
-2.012464396200867e+01
1.102196334531219e-03
2.947645078186584e-02
-8.481839481048822e-04
3.129871554313302e-02
7.421401244796963e-06
-4.705020945059046e-05
1.844147017988164e-01
1.980278665211332e-02
-1.881670756501134e+00
9.765467390073964e-01
-4.736996282016678e-01
3.302261220789585e-05
1.122667257842563e+00
-1.798311020062875e-02
1.085150395375336e-01
-8.579232041547837e-04
-3.274458137630101e-02
-3.755306792281279e-01
8.786866441401103e-05
2.359126630481521e-01
1.220013381322059e-05
-1.385576783510715e-02
1.304547790616694e-02
2.620242460991880e-05
1.190166119903709e+01
-1.111069385878751e-02
-4.523873216357475e-06
-1.049492032753447e-05
1.615874515297878e-01
9.350083026762970e-01
-2.622840561902852e-04
5.858769423524930e-04
3.337069649750667e-02
-3.841712491531475e-03
-1.273201002247686e-04
1.247792088462058e-05
3.194858056820203e+00
-1.295562143835635e+01
4.117981700958320e-04
3.341333517892556e-01
-4.168236668475087e-02
-3.891184039057576e-02
1.584731505423853e+00
8.893805864398122e-04
-1.075731705921842e-04
1.737511964468481e-06
7.394008704983340e-04
-8.079321436562823e-03
2.662169441490582e-01
-2.835176254404185e-01
2.038642363027731e-01
3.318279003371709e-03
-2.441447624256834e-01
-5.987279069480052e-06
-1.326434681922120e-03
2.509122134124596e-02
-7.647978677018254e-04
-2.275022360352813e-06
-1.114210577064249e-07
-2.055218723306086e-05
-3.040795381023721e-03
-2.163739277562593e+00
4.772779409188732e-01
1.278665267485262e-02
-3.954800138996925e-06
4.691250772970458e-01
-1.239230893943758e-03
7.893426762754689e+00
-1.132646824655411e-07
-7.178354038087756e-02
1.382590648835875e+00
1.947295511223310e-03
-2.346632943710519e-04
-2.401213970599363e-02
-8.081537817124330e-03
4.942188372921876e-03
-1.039415978483763e-02
-5.705182071199463e-03
-9.406260273094128e-08
1.382737660599779e-01
-9.767444757390630e-01
-1.376067988919856e-06
5.457737815374316e-04
3.542756525405892e-02
-5.022364360995311e-04
-1.156210607601613e+00
1.695925460378056e+00
2.851396323529102e+00
-2.192236991287734e-04
1.871056855536440e-01
-2.966985299257428e+00
1.726928470787219e-02
2.170285151554196e-02
-1.455710924496224e-01
3.885650897070538e+00
-3.629957051310449e-02
-1.694167449927041e-03
1.864243769409713e-03
-7.375813544871206e-02
3.305217970660160e-01
-1.463490788125270e-05
-5.745441063525599e-01
-1.847053146302055e+00
-4.247965819694846e-08
-1.489200648214510e-05
6.555827134608342e-01
-6.300239038775611e-02
-2.572580485671838e+01
2.198376690927494e-05
-1.276567302053688e-04
2.560780502966853e-03
-1.275435129215317e-02
-5.604460772852842e-05
-1.772293062345983e-04
-6.795692578909836e+00
7.280110995551653e-03
2.084856267179481e-03
-4.536488671607342e-02
-9.003095628497256e+00
-3.386365434115522e-04
-4.125987194597267e-06
6.398475281457677e-02
1.085353646735120e-03
-3.496627352560634e-02
-3.703189033419080e-06
9.271420721038064e-04
-7.492879511148143e-02
8.254796243436399e-04
1.290432856454886e+01
7.608211671919609e-03
-3.300131442286726e-03
-9.466985140478129e-04
-2.058241046571753e-04
-1.231658254035669e-01
4.248447899768165e-04
-9.199376825935917e-03
-1.244271601566589e-03
-4.682680361428085e-01
-3.754223901991411e-01
-2.560840317693383e-02
-1.308453200566655e-06
4.890092141754512e-05
-1.442030249868527e-02
3.030563852520713e-03
-9.869573803874588e-03
-4.796737307815428e-02
3.375970215067414e-03
-5.722357827532902e-02
-5.768896774051020e-02
1.133387643878344e-04
-8.260781825035936e-05
-9.502765925713986e-04
-2.375919609208809e-06
3.030271328490759e-04
1.697734998330443e-02
9.694813895986374e-05
-7.672493936170784e-03
3.372975176024983e+00
3.073717366190856e-05
-2.578097320530445e+00
5.765741941941634e+00
4.837024147421715e-03
-5.143508123081968e+00
2.243709755439024e-03
-3.350950700710653e-05
-9.290351547058562e-02
-1.925831517778984e+00
2.659861951995616e-01
7.313129770099373e-02
3.933908843582061e+00
-2.013622490691244e-01
9.843877097852438e-01
2.252789543454157e+00
-1.287216411678651e-02
-6.320921435085029e-02
-1.828633025319645e-05
-2.467321617910674e-02
-7.878878838410776e+01
5.876964764857231e-02
7.944985880417016e-06
1.896256088623920e-01
-2.373958680275562e-01
-3.359228407280537e-02
-6.567652181508123e-03
1.832362845139474e+01
5.658847772940022e-02
1.368875528924494e-04
-6.259932318360144e-04
-6.662985161888578e-05
-5.674283413686067e-02
4.319560410894453e-03
3.561003167393160e-05
4.816694508585560e+00
-8.404540617600793e-02
4.237794036442191e-02
-2.541961656953099e-03
8.908967054888299e+00
-6.464066268868103e-01
2.035184340579261e-05
7.445884168452235e-06
-1.300048047871343e+00
-3.469557578649873e-02
-6.125911301505690e+01
2.796775676028563e-05
-1.865796150612422e-01
4.664694371318719e-05
-3.631020208205942e-02
1.147265023499107e-02
2.488670061046660e-05
5.688173388009039e-03
4.561738774345941e-02
1.549044879517208e-02
8.901507282071179e-01
6.090062791318203e+00
-4.855746003124176e-03
6.140032078350658e-03
-5.363725594105447e+00
-5.624507406933877e-03
2.447486580084511e-01
4.852301478972084e-05
5.372131206160584e+01
1.300630328055820e+01
-4.620117281795607e-06
-1.206984126685890e+01
-3.727630968579800e-02
4.456192524876723e-03
-4.995882273965702e-02
-6.309354134642530e-03
3.020177560760179e-03
-1.227583115509962e-01
-2.744697617550152e-03
-4.358114921121224e+00
2.709815160472429e+00
6.450148863369148e-05
-5.395702568460056e-02
4.312356817874872e+01
3.638525348884214e-04
1.132313971478438e-01
-4.453563315494676e-06
-1.040856730402156e-04
-1.509148096930120e-03
-2.903036302876577e-04
-1.377615785701911e-01
4.545441994402514e-06
-2.600931726235038e-02
-8.867856831834908e-02
-1.564010784479214e+00
1.410852734423713e-01
-6.058671912912247e-05
-6.358788252975916e-05
-2.377797911370725e+00
1.844251532859502e-03
-1.324759822436544e-02
1.294996327730800e-01
4.859816374778093e-08
3.124672084978290e-05
1.662441767620802e+00
-1.132783565932462e-04
2.010926160195324e-01
-2.825155172664804e-01
5.260192337279040e-05
-3.387642290094225e+00
-1.415410206252025e-02
-7.717094237690336e-04
1.310189319419979e+01
3.385100566327588e-02
5.139850552596903e-02
-2.469071046624119e-01
-7.572088523915164e+00
1.971214229541078e-02
-4.117400480835440e-04
-4.784092613456973e-02
-1.410407864001849e-04
-8.332235729694579e-05
1.125658826928976e-01
3.841301660145733e-04
6.497485327823124e-02
5.382669130242509e-05
2.441636087861818e-01
-3.711680269530972e-02
-3.136430868406859e-05
-6.486712566048185e-03
-8.186472374186777e-03
1.511315158111162e-05
-1.742640608233235e-01
-1.933479757186646e-02
-3.071324905176835e-03
3.490792434462793e-05
-7.072140894524843e-02
-1.856541415624133e-03
9.271818222619648e-03
-9.029385863457693e-03
2.812797206296317e-01
2.724001496621978e-06
-1.253602262505998e-02
-1.380580059222321e-03
2.917972389645592e+00
3.390517250043558e-05
-3.865559076430200e-02
3.012662450194731e-02
-6.800461017007205e-04
-1.718899387249750e-03
4.742252322086903e-01
-3.742476673596775e-03
1.453962139665810e-03
-2.786436088603685e-05
-5.005869301751811e-06
1.620078622992732e-01
8.634776670235773e-05
-2.157555189984378e+01
5.818858330821735e-04
-1.395611352653725e-01
2.767388997821631e-04
4.371763599092738e+00
-8.516665523940071e-05
2.350442577109472e-01
6.454140199806924e-02
-9.826894535237366e-03
-1.419154591632926e-02
-1.092022635395364e+00
-3.012261219619345e-02
2.080086399842902e-02
1.822789434546696e+01
-3.191886628391814e-04
1.462445481759493e-02
-4.563896283983576e+01
-9.601462862988577e-01
-1.023660190372916e+01
8.229783940548546e-02
-2.124223349075514e-03
1.800066509840800e-01
5.312049215123267e+01
4.161753840131253e-05
4.524968335934456e-01
5.019402424787027e-01
-5.850599549374265e+00
2.103041452642873e-01
-8.914472265628404e-05
-3.629040368175618e-01
3.544372900987539e-02
-7.269346610395576e-04
7.837941734530823e-05
-2.979154566221244e-01
5.831111622190062e-07
-4.951059607206472e-06
2.642195908818573e-05
4.127403556437581e-04
-4.909215133716487e-03
-7.473984457081396e-01
-5.991008132459105e-02
1.811475194481996e+00
5.766011223128812e-05
6.910022543295582e-01
-1.504679818649003e-04
-1.687052534032083e-04
-1.392458364527148e+01
-2.209796953507272e-02
9.241048909205820e-03
4.701752815505805e+01
4.698946984794305e-02
2.053083128666975e-04
-9.590012105164417e-07
-5.949600308434515e-03
-4.410235730369215e-02
-1.344830012854864e-02
-1.395932460080127e-02
1.740895817961522e+01
3.350772489746926e+00
4.796706777005414e-03
-4.265068944348319e+00
-7.818117544333429e+00
-1.046046803724091e-02
-1.445959013667311e+01
-4.745759106109709e-01
-2.037625001434767e-05
-1.802063019207057e+00
2.861645698819751e+01
-6.984794377773549e-03
2.154931990937225e-06
1.189820866127220e+01
6.378628699391573e-04
1.436699577838921e+00
3.239682692327445e-02
-2.684214173365893e+00
-4.012058451591850e-03
-9.863722778076190e-06
-1.468141432330099e-04
4.874402600040221e-03
6.019204944415531e-03
2.687770387373488e+00
1.397683265109742e-03
1.166768374673276e+01
-1.718157754013034e-03
9.728037575398926e-02
5.218741923131001e-06
1.856677744270014e-03
-6.405365882992454e-05
9.096279158975558e-01
3.800188239951376e+01
1.639033063224654e+00
-2.758140877974414e-02
-3.614135699678752e-02
-3.253748673691764e-03
-2.240006043796979e-01
1.542944427184663e+03
9.911849365123851e-02
3.182554666145854e-03
1.724703444691449e-01
9.158537896087042e-01
-6.139473329225739e+01
6.344165482624306e-04
2.438500765763557e-01
-2.077676544642834e-03
1.916930402338164e-03
4.760942417485472e-04
-1.970872532069412e-03
-7.642030514019155e-02
4.849430961534459e+00
4.424623268147908e+00
2.961487345588566e-02
3.797101392823922e+00
8.390941353415211e-03
2.459687781192546e-02
4.524927547797487e-04
5.192651968267194e-08
-1.563489538088183e-06
-2.251725875353443e+00
-2.372816493842568e+00
3.952451721578357e-02
4.174914531047722e-03
-5.776551329762389e-04
-1.028173330686428e-02
5.717752977358891e-05
-2.864250928136980e-01
8.952889146088856e-02
-5.887905826061399e-03
4.278128186627841e-01
-9.517430291249081e-02
3.992249053857006e-03
-1.971182244181134e-01
-6.723951846199917e+00
-1.867515844216706e-06
1.480213377838695e-03
-7.356252778615149e-05
-8.605404169516396e-03
4.879715651628356e-05
-3.240408602960666e+00
8.109309484608758e+00
-2.216996312258883e+00
-6.995095809177800e-06
4.424334612253675e-01
-4.370570449712517e-02
5.787072379532552e-01
-2.290369248062506e+00
4.577639728621801e-04
-9.958907877723920e-04
-6.055340997753327e+00
-1.876311132928731e-03
2.417280776174715e-06
8.220511823944873e-01
-1.111557495458742e-04
1.202283451239239e-01
-3.490328170151813e-01
5.110620948466508e-06
-2.325140502482205e-02
-2.847116952985955e-03
2.081749467081058e-01
-9.203885123518512e-01
5.168635742341785e-03
2.358499192641082e-03
-9.421370406210531e-01
-1.663238738657894e-01
2.456960372335321e-02
2.649203403182500e-06
4.180704147532505e+00
-7.428286994439699e-05
4.038499932386106e-05
3.120042682114853e-01
-5.194818674244035e+00
7.327882767331297e-02
-3.110581820465317e-03
-9.725081470575548e-06
1.453010887051781e-02
1.009790260057176e+01
1.770822254093803e-01
1.168345976464073e-01
-3.404960851984361e-05
7.880949115037009e-04
4.097047803830756e-01
4.572348163793104e-03
3.630504125732466e-04
1.835569669303068e+01
-3.556443048807052e-07
-2.889871993330983e-01
1.780427408495654e+00
-1.288228118174682e-05
-1.287597428302748e-03
8.575163138412925e-06
-3.418951817985409e-03
-2.150557039179485e+02
-4.461179568828033e-04
-2.408674108145418e-01
1.167065033482247e+00
1.196454129654755e+02
3.931840340308308e-02
-3.991759690559595e-05
1.928600623589501e-02
2.753138199947281e-01
1.368972888248574e-04
-3.796691382985318e+01
1.240164694379992e-04
-9.340215128693416e+00
1.154206746142495e-01
-2.684920008919239e-06
1.525722034268888e+00
1.907846223327043e-04
1.894768385294207e+00
1.583347274426245e-02
1.061417449201404e-01
-3.450877304767909e+01
1.848322117073272e-01
-2.265587672588127e-04
-3.812976576570904e+00
2.179168034051509e-01
-3.104008951363376e-07
4.175503922211457e-05
4.515644037525360e-05
4.133160206693166e-04
1.340646864412255e-01
6.178745892363305e-04
-3.856585893920788e-02
1.730778428612017e-01
-2.588982023693311e-05
-2.139604792575983e-04
-1.528236975436983e-03
-4.397697014990071e+00
1.632814285014836e-04
6.659652279014493e-06
-3.848364446545777e+01
-1.869275133577832e+00
2.228110488318966e-06
1.441875742140926e-05
-2.687881338935840e-01
-3.596775990305459e-05
-1.063888119701075e+01
1.022913653863344e-02
-5.166194016415813e+01
8.541464248506138e-01
-2.468441766537795e-01
-1.627675101712410e-04
8.431654204575586e-03
3.356995450868746e+01
6.140583156002877e-02
1.326389609857666e-01
2.188675748346599e-01
1.526540928649479e-02
1.971234147310751e+01
9.774501017199914e-02
-2.630959363931458e-04
-1.721579065807999e+01
4.373364910494177e-02
4.994361963530384e-03
1.526462912501103e-03
-2.631046867743506e+01
-8.758512977629765e-02
3.733434755782878e-03
-6.805143389365487e-06
-1.616007012704162e-04
-1.955372657952540e-02
-2.280154650900898e+00
4.693868915841933e-02
2.328422590129899e-02
1.531684886784778e-01
-1.099504688287509e+01
-1.541368766333694e-04
-1.786784320641848e-02
1.453518477124862e+01
2.298129068901461e+01
2.533991195218506e-02
-9.698613121194219e-01
-1.002572175006349e+00
-1.391620136407256e-03
1.127595701536237e-02
1.506183152611199e-02
-5.290652252500851e-02
-2.709694843766354e-01
1.788136512325540e-06
-7.708823007239602e+00
3.193683087129584e+00
6.907972314226408e+00
6.457404741163675e-02
8.187907785008183e-04
1.871166965025435e-01
-7.782129227806997e-02
-7.405104553877780e+00
-1.640495904665420e+01
-2.367854932927507e-02
2.799355228902740e-03
-5.324658384999481e-07
-4.424943500317260e-02
7.404067005792478e+00
3.047966358956310e-04
-9.830046611754284e-05
7.233728129463747e-08
4.914729784054391e-03
-4.475125180636114e-01
-7.784119885304684e-05
5.915468311031944e-02
2.036601219881222e-02
-2.736659104232618e+00
-1.486920322411838e-06
2.596184366066231e-05
1.348987816571404e-03
2.467337643982035e-05
1.841842438145552e+00
5.911336445543591e+00
-1.468174752203069e-05
-3.812624676110514e-01
-1.260310833512515e-02
1.415839392281636e-03
1.206816866618467e-03
3.984609011053702e-01
-1.098632415119527e+01
1.255512105457732e-03
-1.095840975281221e-04
4.456000863071162e-04
-1.179838537942116e-04
-1.890648338162168e-06
9.518667916009094e-06
-6.582193050358469e-03
4.146322234853284e-03
9.512804768079010e-03
3.913970596753991e+00
-6.197258794349141e-02
-2.806717735315022e-07
4.287201554470120e+01
2.289337740429548e-06
1.148368010607078e-01
-9.552210511374954e-05
-9.498246555098501e-04
1.914238731990564e-02
-1.582811890411627e+01
-1.719705999096272e-02
-6.021235144957680e-06
-6.066980950821367e-05
-2.324992911738502e-01
-9.423832608150644e-03
7.574165773947403e-02
-6.881951683353134e-06
2.303251885686754e-02
-3.795603235928830e-04
3.274718450150748e-02
-9.043253015465389e-03
6.994385511313756e-04
5.930152361511101e-02
-8.567388105110461e-02
1.249737902038583e+00
3.803654940280478e+01
-4.237502678252285e+00
-2.730680623951343e+00
-6.762441658999403e-06
6.981852084449801e-05
-9.328911447484503e+00
2.616573528265931e-02
1.096891601385082e-01
-2.620875885086319e-03
-5.973247288969518e-02
-3.505662453369492e-02
1.390359053491107e-05
-4.154112338519082e-03
-1.889378687483165e-02
3.832753903577492e-01
1.418475716738425e-01
-4.693511061808582e-01
1.156240639954116e-02
1.568442558946707e-01
8.209652961763651e-03
8.826502489718933e-02
-1.344083889450460e-02
3.411557884992140e-02
-3.388945157504974e-02
4.735044677020629e-02
3.630938605619307e-06
-1.304798479063053e+00
-9.250002514005117e-01
3.409677729085853e-01
-2.068414803960203e-02
3.551517980183273e-05
9.670710190795946e-05
-4.055903357443078e-04
1.091045906646912e-01
5.712228610855287e+00
4.461520326491448e-02
1.304055524460419e-02
3.979027894843351e-01
8.627046078051346e-03
-3.515199299528587e-03
-2.247007232688807e-01
-5.304815157395087e-03
2.247721421613270e+01
-3.946579343181877e+00
2.720010284614712e-01
6.017278755363547e-03
4.673104426435423e-04
6.559196926064670e-04
-1.773040782935281e-03
1.651682539219540e-01
6.759912334429805e-01
1.596245974088139e-05
-5.649362303916219e+00
1.725605022502881e-01
-1.111285536883803e-03
-8.448210954476033e-08
-1.482795312938330e+00
-2.431207423199350e-05
1.018824709428607e-01
1.039479883907787e-02
-3.089604328575844e-04
-1.504985006441515e-03
-1.341941149185094e-01
1.863070687887062e-04
1.089908837266661e+00
1.966926946571027e-03
-7.932537039000817e-04
1.855914052683209e-07
-6.153987656059574e-03
3.240616837576123e+00
-6.994207179326308e-04
3.035059378976387e-03
-4.045125132568871e+01
-6.282990232941975e-02
2.127053442864456e-04
-9.019355507621497e-02
-1.393577405594250e-02
-2.352613108482614e-04
-1.450971598875374e-01
7.158124315433005e-05
3.715231625936088e-02
-1.629838381651159e-05
1.031852754124210e+00
-2.072224109009427e-04
2.999359738708988e+00
-4.355567120435306e-05
-1.413354470702860e+00
5.476812297376631e+01
-1.685759067328903e-01
1.317611977831667e-03
1.024589972485287e-03
-2.887202493096324e-04
-1.910250299294778e-02
-2.246355559415309e-01
6.084796530912645e-06
-2.612398795388014e-04
3.278551682533369e-01
-2.818945233225660e-01
-2.983463613153202e+00
4.980582599583837e-02
-7.160269046321279e-01
-1.323929687408847e+00
-7.207193664196543e-02
-6.013988771564232e-08
-2.130250778833278e-01
7.336814613587700e-02
-1.026802853478412e-04
2.085805564234748e-01
-4.121183815995357e-02
-5.172452675065732e+00
3.080279948507262e-02
1.641201007075445e-02
-1.249181714840462e+00
-1.509008057570649e-02
-7.790178239000496e-01
5.689297989057840e+01
6.614320601140345e-04
-1.466778821415129e-02
2.951296428875078e-04
-9.450411289489528e+00
2.188365254330687e+00
5.045543305620018e-04
-4.259157584536080e-03
-1.638928271114102e-01
-1.359467852913399e-01
-1.539848046453030e-01
6.918599711224144e-01
1.964377984235059e-03
1.274884664754913e-03
-5.954816534568710e-05
3.054042968000869e+01
-2.178896404567573e-04
-1.475509536911783e-05
-4.127687336277576e-05
1.260032187446888e-02
2.233377295087658e+01
5.411574958838042e-04
9.925207721803709e-04
1.072324287611148e-01
-8.812670545217358e-04
-7.073414789325303e-03
-3.314077136514112e-02
1.355830572202959e+00
-4.875682138177427e-04
-2.541244969285522e-01
3.680913121649641e-02
-8.758180520754948e-02
3.797882178439051e-06
6.344852548354333e-01
-1.830213859132502e-04
1.711488477862079e-03
-5.606227787501977e-02
9.779750146857238e-05
-1.768702646634686e-03
-1.198885093424102e+00
8.546821576269073e-04
3.644761572075968e+01
-6.044904420888692e-02
-7.023462320044908e-03
3.470490909644561e-04
-8.709013897816685e-04
2.743869866976282e+01
-1.375537699742018e-02
-1.624607759941775e-02
2.294786885143574e-03
-3.036497240481885e-03
1.140900664663684e-02
-2.145546047551474e-03
-7.409502214887618e-01
-1.394434129917884e+00
-4.431525352831913e-04
-5.059562779240096e-02
1.549995361312992e-01
1.730944908721176e+00
-1.933065171992981e-04
1.364727283149359e+00
4.276144132087091e-05
9.906192395966089e-03
1.147748761204821e+00
1.109797816687951e-01
1.130298900781547e+01
6.754179096986967e-06
-3.434238187539897e+00
9.035198798569795e-06
6.949599521189903e-02
1.189035844313755e+00
-3.443946729055817e-02
6.773446777849760e-06
-2.831465909248581e-01
1.820508945582866e-05
-1.736833491768819e-01
1.712945936197953e-01
-7.349781945248808e-02
-2.528929466068748e-01
-1.970836286535793e+01
-1.026255402908928e-05
3.121238791291964e+01
1.178921481117480e-03
-5.808701877969197e-01
9.593040779493908e-08
4.435135420892514e-03
-3.554558186296125e+00
1.400505465063973e-01
4.508572814024999e-07
2.090086122753147e-01
1.868044215908355e-03
-1.954266870939800e-06
-3.039576473346823e-07
6.371129775502791e-03
-2.705454041164400e-02
8.592606271608131e-03
6.545587781813196e-04
6.074654034717769e-04
2.298305975793300e-04
9.892606319522714e-04
-8.111604089723093e+00
8.247842539935705e+00
5.828006282299114e-03
2.081094100430629e+00
3.172790517786341e+01
-1.297330317525614e+00
2.582374232141116e-03
3.580999864884536e-02
2.276019944811345e+02
9.248402771995170e-05
3.978291053025674e-01
-1.903119600043147e-04
-5.763261358311473e+00
-1.487286007448460e-02
-2.387811088904433e-03
-1.238066203840906e-04
1.130837713117479e+00
-5.306081384096856e-01
-1.404819328528072e-03
2.635116716167333e+00
-1.162766959703303e+00
2.552779320248990e-03
-3.918555025147135e-06
8.833862453177058e-04
-2.052100693682631e-03
1.542536090352186e+01
5.178784322339850e+00
7.755282201145340e-03
-1.694919079372376e-02
1.716152602312015e-02
4.109730003541316e-07
-2.408621368746336e-02
-6.087976260598460e+00
-1.038783349449331e+01
-1.650603041970221e-05
1.031805896556502e-05
1.356943827359250e-03
4.785889670814974e-02
1.113948204016732e-02
-1.206560399177783e-02
2.988321892725708e+00
4.687388724463656e-03
6.649309623300609e-04
7.901806471588809e+01
-1.977462235833322e+00
1.116496956666657e+00
8.116327555442396e-01
1.790404333272266e+00
4.678963649526380e+00
-6.904237610774290e-09
2.471308926184877e-04
-1.659858929051728e-02
-2.521108230295220e-03
-1.210622627525569e+00
-2.624512003937829e-01
-2.205398300774984e+01
3.001589014947828e-03
3.344168318771862e-01
-3.125214621862599e-02
-3.572884362842268e-03
1.796410683752619e-01
-5.245081444001579e-02
3.166701926309184e-02
5.030727974834398e-05
1.296647807828265e+00
5.640618372376488e-04
-4.620650539261439e-01
4.130231484484260e-03
-8.689154005929387e-05
-2.608077598614409e-03
-4.001700446088855e-04
5.028907139614403e-07
-8.568121032004070e-02
-1.100533520107545e+01
3.129960239208373e-04
4.432470760952897e+00
-2.294487038134552e-05
2.097586813797732e-06
1.704684506826253e-03
9.199149691922903e+00
-2.842644862824914e-03
7.860254286432027e-08
3.342466615312108e+01
3.188511275569468e-01
9.757534248122682e-02
-5.055123248743918e-04
2.913124241810375e-04
3.701953114066846e-01
-3.629367633263730e-03
-6.177729877304694e-01
-1.573704983985948e-03
6.862293292077470e-02
3.619540571553273e-02
-5.952099269257446e-02
-6.067744804210936e-03
-3.022960681003969e+00
-6.895499483599104e+01
-5.701520252613952e-02
1.818604974547226e-06
-6.782097132921402e-02
-4.642270118467349e-01
-4.530088243437859e+00
-1.534813304965325e+02
2.293235722175547e-05
9.329650957691948e+01
8.671757180716577e-04
-1.869548797351056e+01
-8.666090611501915e-04
2.470386799778481e-02
-2.459327863818996e-01
2.754022299093985e-07
4.848066940279013e-02
-5.560636628962527e-02
-1.419679855941406e+01
-3.614555163177180e-04
2.814136304142679e-01
-2.288536088767921e-04
-2.246918642891667e+00
-2.406723561853032e-02
1.549789256576772e+02
7.807548409429845e-06
4.004210147205356e-08
-4.533663290498232e-03
2.049895957614051e+01
4.713837664608685e-01
-3.311719766141779e-03
-1.255313474973654e-02
2.322948846375759e+00
-1.575340238456705e-01
-8.132969068295338e-08
1.415980991089422e-04
7.748985174747347e-02
-4.337910735746109e-02
-9.786468819438623e-01
2.798631884625416e-01
1.931617130528937e-01
-2.262738678658454e+00
6.712852945305085e-07
9.993586849009006e+00
-9.235054520289077e-04
-4.556665385758042e+00
8.147359202045814e+01
-6.364430409182663e-05
-2.018231410350851e-01
1.005385962104327e+01
5.900319360820952e-02
-9.427090607310871e-03
-1.397909223092689e-02
2.120518880187474e+00
-2.475039791597517e-05
-7.455632530904964e-03
-1.807287672667239e+00
-9.832910349834347e+01
-2.287336164513044e-01
2.793750349197706e-01
3.246312801948288e-04
-4.659388713637047e-03
1.678853046501665e-03
6.415818652150999e+01
1.037961189047683e-04
1.446843993679883e-01
3.745467078959918e+00
-6.980614703425150e-01
-2.194006596997293e-01
4.812670186778250e+00
-1.138279326212765e-03
-2.121552545623524e+00
-2.160715211349142e-05
4.055478000824565e-02
-2.839183395613113e-02
1.533271959769120e+00
1.146990644545313e-02
-5.448817360443643e-01
1.557030815357697e+01
-3.028715898666547e+01
-1.964304180400084e-01
1.111281298258133e-03
9.773214524701608e-02
-4.956475647988363e+01
-1.263172519030998e-01
5.145003423175130e-06
7.215639747390326e-03
4.639784386117839e-02
2.048632110965878e-01
4.138148731060221e+00
9.882112055059797e-05
-7.026392405678379e+00
5.594418844296204e+00
1.516447161024349e-04
-1.094280250428250e-02
-4.505901702540638e-03
1.662376650523389e-04
2.576514254663589e-01
-1.271538214532223e+01
-6.125605264054951e+01
5.327573283597322e-02
-7.155661851923957e-02
-4.624785232514091e+00
3.623528453337175e-01
-2.964886168256090e-02
5.962366637301852e+00
1.667740843282589e-01
-1.695351784779423e+00
-6.538013388707491e-03
3.401574109332095e-02
-6.508818266912489e-02
-2.532890872995677e-05
2.678384186464779e+00
-2.488956357156899e-03
4.943200114941597e+01
-4.337302480851637e+00
-9.529034235352560e-04
1.070748190179659e+00
-8.593760187311554e-01
9.474838151594207e-02
3.058376850112478e+00
-7.285066866082477e+01
7.583836199420439e-03
-9.746893420943074e-02
2.273135109011914e-05
-1.191008874392614e-01
-2.868149698960805e-01
-2.305756975631622e-01
2.746037322909560e+01
1.371412888646707e-03
-1.411281456187957e-01
1.297609434013825e-02
-5.395109118727504e-03
1.007979302326441e+01
9.138017581176288e-03
-2.237243347851700e-02
-8.410306880343604e-07
6.756154259547627e+01
-9.825651958154455e+01
1.838475535872651e-05
3.937466861608392e+00
-2.423252723612731e+01
-9.206162937660335e-01
-8.490528684338898e-02
-7.372944824064124e-01
-6.090186573575240e-01
-7.915760873961528e+00
-1.127843567037394e-04
-1.829672038184837e-01
8.906757724035602e+01
1.294322956475571e+01
-5.442863186659038e+01
-1.907065719786672e-01
-9.110579738724608e-01
-1.960378554078074e-01
1.034093013553044e-03
8.087880135381535e-03
2.566577251943318e-04
1.354994260443303e-04
-1.228358414495543e-01
3.681629034410118e+01
8.137330134100704e+00
-1.879307846569570e-04
3.268962812369596e+01
-2.139976050489401e+00
-1.270658558937162e-01
9.063009760901918e-04
1.199372826958243e+00
-1.296353681926100e-01
-6.641783811888444e-01};  