-1.828522122277550e+02  
1.368317082173195e+02   
-2.104271141172651e+01  
2.119846115558244e+01   
-2.623318504328552e+01  
1.309551565793903e+02   
2.055910895025929e+01   
1.205598545523005e+02   
-1.319433485300819e+02  
3.102810873134117e+02   
1.677240421296619e+01   
7.279375261056451e+00   
-4.603634854356253e+01  
-1.223401496579815e+00  
4.236918568604256e+00   
-8.867191806307196e+01  
-4.114793905311184e+00  
-4.069511400881168e+00  
-4.221075813243984e+01  
-3.439637115672565e+02  
-1.719805602515263e+02  
-1.137541615107979e+02  
-1.135025601401789e+02  
-2.200178847821476e+01  
1.339704456735365e+01   
-1.518943055143625e-01  
2.990685443867803e-03   
8.626663911697087e-01   
-1.834383032604525e-01  
1.636983407235539e-01   
-5.474263638005387e-01  
-1.821123747374998e+02  
-8.378826620951747e+00  
1.692470777822126e+01   
1.221903820805436e+00   
1.216156844519240e+02   
4.581969960346816e+00   
5.866758383088955e-01   
4.980479254625452e+00   
5.104951462107753e+01   
-3.880911791988737e+00  
-2.116555538450080e+01  
7.220875702259624e-01   
6.294495139407378e+00   
4.523224298604770e+00   
1.279192465986930e+01   
3.624348213629894e+00   
-1.936436625787200e+01  
-5.475263891999452e+00  
-8.416142847580870e+00  
-3.129179572205746e-01  
-3.799198877875015e-02  
-1.051202640622897e+01  
8.100830842155993e-01   
2.971780235375130e+00   
-2.507638625752674e+01  
-3.077588254024622e-01  
9.377708085881278e+01   
-4.026279962808168e+00  
-3.272181526449893e+00  
5.119425847509952e+00   
8.341752940257551e+00   
9.319978468507669e-01   
-2.461221158562342e+01  
3.629506023463483e+00   
-9.431253379380321e-01  
-3.224164306059250e+01  
2.519683959072302e-01   
5.914958146639124e+02   
1.631878248665056e+01   
4.389994198373831e+00   
-6.266171144246663e+00  
9.844258013760643e+01   
2.046374083382889e+00   
-7.043512223601669e-01  
-4.095363506532988e-02  
1.377662549116252e+01   
-9.586476350055026e+00  
-1.937401148982004e+00  
-1.850373965134346e+00  
2.730637623821190e+00   
-3.957810767106416e+00  
1.561078235143690e+00   
4.904624834101153e+00   
1.143102843216707e+00   
1.349762708569666e+02   
7.697515126537914e-02   
4.200836054918050e+01   
5.104834193822522e+01   
-5.630561224019571e+01  
2.261828349334531e+01   
4.317391446972014e-01   
-3.973393733563451e+01  
-1.428586668758836e+00  
1.418534807271776e+01   
-1.738669558741029e-01  
7.865918300304167e-01   
1.576136042858904e+00   
4.814549545857037e+00   
8.853724279162155e+01   
4.595559795073346e+01   
-4.125698598783098e+01  
-5.083152910479603e+00  
3.515078340119649e+00   
-2.505899844292320e+00  
3.447492522980394e+01   
1.637137049707416e+01   
1.274245470610488e+01   
-1.403860459049444e+01  
2.197756275670677e-02   
-3.061503957129827e+01  
5.780910488133402e-02   
5.397105429693705e+01   
-8.855529599978719e+01  
8.347555028590138e+00   
1.436558015968284e+00   
-4.487778158610228e+00  
1.803705332655127e+01   
-4.895705559977687e+01  
5.848034866032528e+00   
-2.575451807187367e+00  
-3.754465281864856e+01  
-6.161621345750679e-01  
1.351329692455107e+01   
-3.938731958629482e-01  
-3.132253790145565e+01  
7.138938061945216e+00   
1.301459924193274e+02   
-4.143380647953907e+01  
-6.060904091037369e+00  
-6.940030206598678e+01  
3.369977335777948e-01   
-4.007033662238669e+00  
-3.277070715162005e+02  
-2.204260251525882e-01  
-5.109595240890553e-02  
-3.067791024954569e+00  
-3.524053378971649e-03  
-1.344731983888261e+01  
-3.904982106770414e-02  
-5.735601289639833e-02  
7.841670192016248e-02   
-1.150611046151058e-01  
-1.613264716270622e-02  
-1.690838956776888e-02  
-2.731537804098251e-02  
-2.335203524108265e-01  
-6.032561085626120e-01  
-1.819043402807301e-01  
-2.004420527701411e-01  
5.499045731812069e+00   
3.077013097389533e-02   
3.075497829038359e+00   
-1.933921529792618e+00  
7.246726226406687e-03   
-1.058623979802342e-01  
1.817080764607447e-01   
-8.333225696684603e-02  
-6.375852946727533e+00  
-4.139860420094399e-01  
-2.311677387192413e-03  
-9.500870729602616e-02  
-1.047647102834627e+01  
1.507951213670994e-01   
-5.884075945118706e-01  
-1.565999430206234e+00  
-1.835833507516692e+00  
3.223056356670946e-03   
-5.584032960332225e-01  
-1.775082555219716e-03  
1.956456292838771e-01   
-1.002355990232437e-01  
3.607841584790387e-02   
2.148658871313275e+01   
1.150398595318270e+00   
2.139690911588923e-01   
-5.499942964319052e-02  
1.560568831174852e+01   
-9.756439497437227e-01  
-2.470303615360877e+00  
-7.342554061992873e-01  
-2.369889532556354e-02  
-2.394886022020978e-01  
4.199585087889131e+00   
2.845939519809011e-02   
-9.503452743711363e+02  
8.715425324328932e-03   
2.249564122185390e-01   
3.668716553838062e-01   
2.266559896131709e-01   
2.361880801336588e+00   
3.254160310805271e-01   
6.494038747731927e-02   
1.754756556890302e-02   
1.591519567736170e-01   
-4.113208714953195e-02  
3.964767862747134e-01   
3.466932378962574e-02   
1.318567923211255e+00   
2.083780883983704e-02   
-2.352731581058916e-02  
2.180991703137137e-01   
1.804514870029619e+00   
-3.497900981888790e-03  
5.372505814745339e-02   
1.055132142241703e+02   
4.515566509227542e-01   
-5.515772914772181e-01  
1.437994055196493e-01   
6.019962279819018e+00   
-1.666197349087357e-02  
4.048785562258708e-01   
1.363914935443687e-01   
1.886566638021550e+00   
1.291611294738693e-02   
4.927647641557710e+00   
-7.151877913642338e-02  
3.054207492368256e+01   
1.371622453010078e+00   
3.115823896964399e-01   
6.281424483162052e-01   
-2.590470252616281e+01  
2.154590308967257e-02   
4.518325578584530e-01   
1.441912110460266e-02   
2.014763084740143e+00   
8.881009544584924e-02   
2.900427346580289e+01   
-3.817621642978475e+00  
-4.290510901505286e-03  
-3.392286735138090e-01  
6.693526321554318e-02   
-4.127224806943742e-02  
6.328584398552255e-03   
-2.555907999955027e-02  
1.419269625643828e+00   
-5.315417303825068e-01  
1.654571748295930e+00   
2.495160639354624e+00   
-1.704911581337088e-02  
2.406627280883604e-04   
-9.300933626987617e-02  
6.071164171539265e-01   
-8.749661422286098e-02  
-2.133446056682204e-02  
6.818619634638490e+01   
-4.603667456489089e-02  
-1.825039474616567e-02  
-9.634193515756418e-04  
-3.429144379889581e+00  
6.650159392789610e-01   
-5.713206421097503e-01  
2.747518445992575e-02   
4.975366008572096e-02   
-1.445052789516414e-01  
1.305714637522048e-03   
-1.993383020851954e+00  
4.949088022324644e+00   
-2.029921483265349e+01  
1.916237681701624e-01   
-3.883177470680039e-01  
-1.997436964538558e-02  
4.597183504906915e-03   
7.481318622135946e-02   
1.049933409302096e+00   
1.935810095400756e-02   
3.321300180047584e+00   
-2.883926274420384e-01  
-6.881212588981124e-02  
-9.966806947982800e-01  
1.177460478193864e-02   
8.911144806303546e-01   
-3.242068646109815e+00  
-4.602050661302773e-05  
-4.616517245890142e+01  
-3.424903755645276e-02  
-2.250137109345595e-01  
1.653376196313997e-01   
3.243015247380575e-01   
2.499192034255954e+00   
1.674826286039956e+00   
-6.359660589739482e-04  
1.513633003467261e-01   
2.967154715301860e-01   
-8.331535068181871e-01  
3.193662055988946e-02   
2.207433416564142e-01   
2.875690466015646e+00   
-1.525680247196476e+00  
2.764005892013018e+01   
-1.934276815739154e+01  
4.055333696575527e-04   
-4.339124788480039e-01  
-7.959612520707833e-02  
-3.695529363383476e+00  
1.951754764869204e+00   
-7.880380324808151e+00  
-3.481154701361897e-01  
5.492364584687486e-01   
7.682575476688747e-06   
-1.619610853633624e-02  
-6.278413856586725e+01  
-8.290827413962091e-01  
2.795454044466221e-01   
4.991581556514634e+00   
-1.731812392245188e-02  
-5.360842189561285e-02  
1.093817384870962e-02   
-4.046990469830656e-01  
3.776553747334803e+00   
6.053526699454392e-02   
1.307552949806903e-01   
4.521307977505301e-01   
-4.056769042389829e+00  
-2.606631524178061e-02  
-3.419268358176020e-01  
6.685147546600134e-02   
-2.311153628810180e-01  
2.850239230569187e-02   
9.798839537185910e-02   
-3.492327208546821e-02  
6.046664475211139e-01   
6.136904894881456e-01   
1.899851879472750e-01   
3.398566989765253e-03   
1.496000798264593e-01   
-2.822755049954940e-01  
4.898428855140646e-02   
8.114000099815824e+00   
-8.012610408772138e+00  
2.652029802625972e+00   
3.970906037564677e-02   
2.204999810175096e-01   
-5.897769284529311e-03  
5.855458737559565e+01   
4.416756868190949e-02   
-2.049184054785375e-01  
-8.167276736593227e+01  
5.377820745214922e-02   
-2.558222138339462e-03  
-8.614013339301804e-01  
-1.850437207145125e-02  
2.152595894948511e+01   
1.848635028257805e+00   
1.393785782873511e+00   
1.066091761161863e+00   
3.624861244313128e-03   
1.886856905930837e-01   
-2.381241626852790e-01  
-7.593410119240810e-03  
3.157250159269445e+00   
-4.696230952425486e-02  
-3.522859742010144e-01  
-4.346413766744813e-01  
2.302934579460543e-01   
5.028202364019049e-01   
1.431642624193261e-02   
4.536815387823453e-03   
-8.188926309829010e-02  
1.057965268595347e+00   
-7.377325362373338e+01  
3.330346247699634e-01   
-2.150045729604041e+00  
-1.129840164097518e+00  
-6.320896858581851e-02  
-6.500183756834866e-03  
8.344029266423194e-01   
-5.269549648160755e-03  
-5.227892236224027e-02  
-2.908170245165829e-01  
-2.200390218650630e+00  
-1.096965933571511e-01  
-4.226316859398213e-04  
-2.821400617742450e+01  
-1.052537520587156e+00  
-2.161501854716206e+00  
-4.013061787019969e+00  
-1.604414938457131e-02  
6.767850568574421e-03   
-6.975750065434402e-02  
-2.604435195622534e-01  
-1.757508788929722e+01  
1.301313658831777e-02   
1.924853652723298e-01   
3.701557066327473e-01   
4.899433526762643e-02   
-3.049410761312262e-01  
-9.746304926205576e-01  
-4.485193417258073e-01  
-3.189099190446891e-04  
-1.759420072982985e-01  
1.193546589297680e-04   
-8.289120726258641e+00  
2.570391782120490e-03   
-1.130283635649166e-01  
1.051315718239453e+00   
3.651281637443900e-02   
-6.370183479038127e-02  
-6.748611767160074e+00  
-3.916185169813752e-01  
1.870487399562492e+00   
-1.988755891843784e-01  
-1.141923604326892e-01  
-1.286111031466662e-02  
1.495939500638283e+01   
2.304415487320941e+00   
-1.547976928354682e+00  
-1.214992449117811e-01  
1.000987517500289e+00   
1.154113749736269e-01   
2.127699075659786e+00   
9.291491214359714e-02   
7.715377413099841e-03   
-5.124372120076631e+01  
-5.161464885236378e+00  
1.885581771684399e-01   
-1.408447094174876e+00  
1.883891041566550e+00   
-1.111583179386109e-01  
1.993743679021954e-01   
-3.015951037349587e+00  
-2.250197638663750e-02  
4.888436376210031e-03   
-2.033175538016393e+00  
1.711841294042243e-02   
4.642555834656092e-01   
-2.218054539222347e-01  
-4.828267896415534e+00  
-6.252718991865905e-03  
1.773068359483163e-01   
7.134085187770793e-01   
5.319633571483241e-01   
1.874458222907519e-01   
1.401084970964759e+00   
2.092817274700569e+01   
5.172692908336145e+00   
-3.403909022905953e-02  
-8.119635789115880e-04  
-1.945721846675673e-01  
4.358773621344390e-01   
-4.625503830897272e-01  
7.622347752552324e+01   
-8.922293959930946e-01  
2.830620228151791e-01   
-4.827819887219276e+00  
-3.813945700498728e-01  
-2.046094241151793e+02  
5.104375213500901e+00   
2.290481913944123e-01   
1.083435473370124e-02   
-1.139110737265651e-01  
-2.735857843699669e+00  
2.720821376743895e-01   
-3.167262302668699e-01  
-2.205271353961965e-03  
2.517543210688984e-04   
3.774975668698940e+00   
-9.719080389386720e+00  
1.005783501374358e+01   
6.728900441904047e-03   
1.117024258907639e-02   
-3.734420575002748e+00  
5.292833181856106e-01   
-9.870189605847203e-02  
5.003225719095854e-02   
7.263147653078575e-02   
2.938512836263483e-01   
-1.901032246222403e+01  
-2.628034047625085e+00  
-5.286895048720981e-02  
1.901584861411439e-01   
-2.969857165780946e-01  
-1.233610466068743e-01  
-9.868662485060641e-01  
-9.264329149077764e-02  
-1.851567202033145e-01  
-1.114290351843984e+00  
1.259491228039000e-02   
-2.170146958104238e-02  
2.190259528826220e-01   
-3.844858698794403e-01  
8.874626315961978e+00   
-6.934648411375827e-04  
2.353632024514268e+00   
1.905432123111735e-02   
-2.464318058046733e-01  
7.681513440437674e-01   
4.913989261634795e-02   
1.795788602568699e-01   
1.133051311071814e+01   
-1.746748999833917e-04  
1.492046297757701e+02   
-6.961303602525089e+00  
-1.186202735389271e-02  
1.071650733176578e+02   
-2.002621703450937e+00  
2.267992516121469e-02   
-4.781079513257453e-02  
-1.349284053504522e-01  
-3.278530481955031e-02  
2.464597396213695e+00   
-3.107299183582467e-02  
4.124196561327080e-03   
2.691033338143245e-03   
5.558294041341089e-03   
-2.512180484819295e-01  
-3.267021622557574e-02  
4.096595410285262e+00   
1.885217349948460e-03   
-5.786155706364557e-01  
-2.445515287653582e-01  
1.157456825251216e-01   
4.792990476316712e-01   
-2.914716531118970e+01  
-7.580470525120249e-01  
1.360547325681978e+01   
-1.645188404350667e-02  
1.700715974067244e-05   
5.024667488305395e-01   
1.480408608578349e-01   
2.297432799916495e+00   
-3.817765941558614e-02  
-1.734892990825606e+02  
-1.037976931094356e-01  
8.988074938578188e-01   
-4.212647311287249e-02  
-1.499463073330314e-01  
2.266034772354012e+02   
-3.515952093750717e-01  
-1.567450708358572e+01  
-3.290211912605967e-02  
2.045174103531893e+01   
2.686411638785426e-01   
4.851785922473844e+00   
2.918921662012023e+01   
-4.573091086111064e+00  
4.149418708758048e-02   
6.644401262445028e-02   
2.296451181031350e-03   
-4.550274772244228e-03  
-3.844517517355237e-02  
-4.779643784649974e+00  
-1.350537568800620e-01  
3.386730301694301e-03   
7.365768100069639e+02   
2.721136932590540e-01   
1.320337651417360e-01   
9.677796822246317e-01   
6.588729732616064e-01   
2.053133659357520e+00   
-1.015530784101498e-01  
-6.865692039462916e-02  
-2.053323019539605e+00  
4.480057041681560e+01   
-4.992504704912864e-01  
1.659710850177363e+00   
-1.171160676707134e+00  
4.254594737070330e+01   
-1.833161931945994e+00  
-2.006837841953961e-01  
-2.853480934854675e+00  
2.507589744127030e-02   
2.325146346414723e-01   
-5.166329474915789e-03  
-1.866149832790827e+00  
7.207954562148647e-03   
-2.571739447592788e-04  
-2.564849179137496e-02  
3.553848118806443e-02   
-3.720761595350000e+00  
-7.528528657402885e+00  
1.081419939167359e-01   
-6.026129134421748e-01  
-3.207567246154826e+00  
-1.539041880869059e+01  
6.572267910037048e-02   
-1.005889448032663e-04  
3.311313289515214e-01   
1.568143914354947e-01   
5.219201279453281e+00   
-1.452204289133928e+01  
-5.553258403226606e+02  
5.969107041671531e+01   
-7.400123929824802e+00  
1.467573501761963e-03   
-2.072737208266548e+00  
6.759086191204163e+01   
4.088814163551820e-02   
-4.255199226165174e+00  
-8.485257268150062e+01  
1.712744813595178e+00   
-1.408990795313227e+00  
4.451877259662758e-01   
4.229875808678411e-01   
-7.165254702947065e-03  
-1.412076504370298e+01  
-1.396740757264373e+03  
-6.648399303820053e-03  
-6.333353280667194e-04  
-4.679942741277705e-04  
1.243126289882498e-03   
-4.323443413990129e-03  
1.809574067258486e-02   
-3.292312506526818e-03  
4.650088150107079e-03   
2.903067513085509e-03   
2.662767080727278e-02   
1.488285254425521e-02   
-3.136427940630144e-02  
3.077115998321923e-02   
-7.678320096881298e-04  
6.670783878400155e-04   
5.842630815837481e-02   
9.734310969023107e-06   
-4.609528300205031e-03  
3.917089865467789e-03   
3.468678789415459e-02   
-2.525546648831556e-03  
-5.712508225221981e-02  
-6.492998440914434e-03  
-1.567493159877853e-05  
1.924067169271667e-03   
2.145716407568555e-03   
8.513503984548044e-04   
4.011010987598962e-03   
-4.106940459944131e-04  
-7.168836133585017e-02  
4.271884303193056e-04   
-3.214983566131942e+00  
-3.141612265124187e-06  
8.274059455587842e-03   
-5.687509611371927e-03  
9.683679781186124e-01   
3.896332071174026e-02   
-3.946702609609457e-03  
-1.190284237695830e-05  
3.703250164466307e-04   
5.639172271892357e-03   
-3.504802705035132e-03  
-1.131192000529953e-02  
-2.098336672228725e-04  
-2.900608648369209e-04  
5.636373611158305e-03   
3.060980586180582e-02   
-1.513811639696561e-02  
4.808619915211239e-02   
1.388112575406872e-04   
7.396444641137401e-04   
1.185302999553930e-02   
4.117985778958460e-03   
7.771651158120575e-03   
5.088592018692286e-01   
1.561290550155870e-02   
2.229076039919255e-02   
-1.736164147747865e-01  
5.103202266042727e-01   
3.444615274490451e-02   
-7.451523047106723e-02  
7.708108897236404e-03   
8.106397636127657e-02   
9.666341322591272e-03   
2.537649473346276e+00   
3.619548134499362e-03   
-1.502779230637922e-05  
-1.255332296303559e-02  
-1.706003042772266e-02  
2.410687138682150e-02   
-9.296150886609589e-03  
-7.703062149653828e-01  
-2.618708251622347e-03  
2.085256848076875e-01   
7.166094666816874e-03   
-5.614345422440658e-02  
-1.153740836749654e-03  
5.976454815147019e-07   
-6.925753864918517e-04  
-2.129470387186905e+01  
-3.924142004373769e+01  
-4.262483786834720e-05  
3.333086818935843e-04   
2.209533574868499e-03   
2.979155003754513e-05   
-4.697839457094357e-01  
5.874510564769870e-01   
9.370409163836650e-06   
-1.528529118705228e-03  
-3.515135411211651e-04  
-1.397361609636694e-02  
-1.330643275884856e-02  
5.094742702210137e-02   
8.703799872709021e-03   
-2.845233134495176e-03  
-8.460002897072167e-04  
-1.931735006589781e-02  
-1.198859034428407e-02  
-5.233143513163339e-02  
-1.687053760951992e-01  
5.076112270600218e-04   
-1.204353106614030e-03  
-1.051490540834436e-03  
-3.212530973173672e-02  
1.584801366209621e-03   
7.348115287116719e-04   
5.513056746647466e-04   
-2.134439526935227e-01  
-9.213465474963333e-04  
2.287056005968552e-02   
-8.625317731945543e-03  
1.451733115781718e-03   
-1.054653096222275e-05  
-4.488837778388142e-02  
-1.574892291607853e+00  
-1.102396874563173e-04  
1.300266485625461e-03   
-6.256180733745889e-05  
1.897231516132468e-03   
1.191751860161857e-03   
-2.558686264972091e-04  
1.232884161064743e-02   
1.559493002709134e-05   
7.215959789583189e-02   
7.533657031822117e-03   
1.177055934357512e-03   
-3.449861102594575e-03  
-1.951488504920283e-04  
1.471110065192128e-03   
1.200542169652023e-01   
2.117268162642393e-02   
1.755267939493910e-03   
4.358565476149350e-01   
1.878799546913711e-02   
9.760605959898790e-04   
-3.297127710588050e-05  
-2.289069350761776e-03  
1.186181027977474e-03   
1.500250816522867e-03   
-7.162736769461644e+00  
2.417125425254637e-02   
-5.582303727607734e-06  
2.967819430011715e-01   
-4.002896819045342e-01  
-1.680585343197577e-02  
3.921623633265565e-04   
2.350194480888319e-02   
-2.381877113002821e-03  
-1.322966113449497e-04  
-5.864482868584107e-01  
-3.117290649347992e-03  
-1.479497166023396e-02  
2.880355092859666e-06   
2.615171824456484e-04   
1.343939820115393e-02   
1.068438546111565e-01   
-3.195636550241983e-04  
6.360385765451605e-03   
6.130447579500595e-03   
2.649203775624505e-04   
1.857656485912023e+00   
1.069906320273378e-04   
2.228930687660421e-03   
9.200589561669166e-03   
-1.052417848577693e-03  
7.717694989030470e-02   
7.291298900337956e-03   
1.803570815044711e-01   
1.338836022334781e-03   
-1.361953722148743e-02  
-5.023975644376375e+00  
2.323546025206773e-02   
2.072387604844682e-05   
3.775887647874903e-02   
-1.577255828774154e-02  
-8.289535269105918e-04  
-1.341931471799607e-02  
4.583774247891208e-04   
4.578582103786493e-06   
7.067013142714984e-03   
-7.490533419700848e-03  
-7.746481695073744e-02  
3.107946844680145e-05   
7.824270593041886e-03   
1.139115287201574e+00   
-1.197510490787983e-02  
9.615811388174245e-03   
3.394361590442027e-03   
2.051843438140735e-03   
-1.337247526734975e-01  
9.841970589516864e-02   
1.540534263070583e-03   
2.733950975982442e-04   
-1.944472912456446e-01  
5.858297042431019e-03   
-7.229338684287485e-03  
1.947306427846530e+00   
-4.981877642420906e-02  
1.065572352619031e-01   
-4.413492355546201e-05  
8.325718596543782e-01   
-1.298729476559346e-03  
1.834462259292711e-04   
-1.068446121254546e-03  
6.817910522800844e-04   
2.541856946547160e+00   
-1.150628782664923e+00  
1.924958136326403e-04   
4.278550092109431e+00   
-2.964689225269802e-03  
1.609407047932899e-02   
-6.646512275483698e-05  
2.815217047871832e-05   
1.235925280582626e-02   
-2.840258269428642e-03  
-5.018453328324820e-02  
1.635930764942137e-03   
-7.255677165781433e-03  
2.701349026465515e-02   
3.199893935077285e-04   
5.660541576054273e-04   
-8.703564146535717e-02  
-4.124271163230995e-04  
4.562666092034195e-03   
-1.207651680169672e-02  
1.315731214379168e-03   
-7.328962250705181e-03  
-1.459758929019854e-01  
1.458347841891371e-01   
-7.584613487818027e-03  
-8.500453103118691e-04  
-3.143725968970947e-04  
5.693981840238459e-01   
-3.673720957236431e-03  
5.081449021267237e-05   
-4.031594120328951e-02  
-1.407370742832949e-01  
1.622320584555523e-02   
-2.030959653021521e-03  
-8.497629497118823e-02  
-7.218577587980352e-06  
1.896859434558890e-02   
4.049077145012050e-06   
7.452458790525633e-02   
-1.857499008520804e+00  
1.284713875033915e-04   
-4.604918456803541e-02  
-7.213770753354156e+01  
-1.163437754002667e-04  
-1.410736906822502e-03  
1.162509673026731e-01   
7.433877730970986e-02   
-4.222872237615979e-03  
2.635524717186361e-04   
2.159279676699472e+00   
1.604577377688480e-02   
1.121797998266019e-01   
-5.170805153347233e-04  
1.843914310484198e-04   
1.889733190414119e-02   
-1.428701745152881e-02  
1.245828907115646e-03   
4.881206658345556e-03   
7.583895975098388e-02   
8.714552160035727e-04   
-1.459366042938595e-02  
-8.712861708280442e-03  
-5.725405229496996e-03  
9.241939452649189e-01   
3.595475791716978e-04   
2.046751596170559e+01   
-1.701877239679795e-05  
9.332664388872066e-05   
-1.871117067078872e+00  
9.941977935204087e-04   
1.172059495976700e-03   
-1.250228871182423e-03  
1.730764706115907e-05   
2.726583131882575e-02   
5.387350169082442e-03   
2.608170811906952e-02   
-2.012213970154820e-01  
1.522671345822187e-03   
-6.148048670725307e-03  
4.819817922241772e-02   
3.382138423063195e-02   
2.548483026153210e-03   
9.284312162095408e-03   
-1.370057628618932e-02  
4.708985315723718e-03   
1.245852405686458e+02   
-1.332895577221612e-03  
-2.584757657065973e-02  
-5.080858235540696e-02  
-1.799259941845451e-01  
6.177732483247173e-03   
1.415182071768138e-07   
4.171210846348738e-06   
1.691110040614182e-02   
8.505424164515868e-05   
1.222313689792911e-03   
7.283327535632902e-02   
8.973785856013081e-02   
-6.395685609574275e-04  
6.231443853676989e-03   
1.971595718879431e-02   
-5.507481132931414e-03  
-2.430776520772111e-06  
2.540243542843324e-03   
4.058920333153128e-05   
7.899822760653409e-03   
-1.255964718538801e-02  
-7.534546209657840e-02  
5.967575776463159e-05   
-2.089987104329260e-03  
-1.509977404550519e-02  
-6.718669626730248e-04  
-5.975678128387933e-04  
5.423409121745746e-02   
3.690449395071288e+00   
-3.094713484792031e-04  
-1.062188513763390e-02  
4.659225477974379e-05   
-1.500218310374937e-04  
-8.566193405129129e-02  
1.429545770632487e-02   
6.926730855640805e-03   
9.405474317063884e-03   
-3.875571584980315e-03  
-1.380005402258024e-02  
-5.474299619264536e-02  
-1.262325666513185e-03  
-2.085633972881099e-01  
9.204454404705033e-04   
5.754383989539325e-05   
2.964190293101037e-04   
4.270361668045996e-04   
-4.712156402162494e-02  
-1.580809974016791e-03  
-1.651686841528847e-02  
7.945033163578942e-05   
2.276708029049871e-04   
-8.174545948493747e-03  
2.070436608126512e-03   
-2.830208428603291e-02  
5.857164204351157e-07   
5.270179761729826e-04   
-2.256947352740409e-02  
1.280719073004238e-01   
-2.557975116648731e+00  
9.870318158461103e-04   
-1.591782245017802e-02  
1.573917431161705e-02   
3.644926892331393e-02   
4.446837363890292e-04   
3.161301773050347e-01   
-1.921547474447916e-03  
-2.569291330888596e+00  
-8.099397256525766e-04  
7.971925099683231e-06   
3.068330400372869e-04   
7.964148209866005e-02   
1.437721112479468e-04   
5.735485656124586e-04   
5.220821423934602e-03   
2.399629317520350e-04   
3.233256400181472e-03   
-6.873362460682486e-06  
1.075960754662260e+01   
-1.198014042438410e-04  
-1.671976778415779e-07  
-3.957144970395888e-04  
4.644490828708625e-02   
-6.443316794007637e-01  
-1.428271523195547e-01  
-2.619100647546084e-03  
-6.948916007655222e+00  
-7.099555202211053e-03  
-4.962963587415993e-03  
-9.763560826072096e-04  
1.194621372495745e-02   
4.120038522387462e-02   
2.375291307342121e-02   
-4.618572512521760e-01  
-4.326725290413493e-02  
3.852168320289186e-03   
-1.292125967325639e-02  
2.399152841987073e-02   
-2.295206364763681e-06  
7.423703004961274e-04   
1.804063418778549e-03   
-5.848583495071386e-03  
-5.862114713922973e-06  
-1.913230657656287e-01  
4.978369454008760e+00   
6.420571326135485e-01   
3.249773431175356e-03   
-2.003669196178561e+00  
6.189450170466649e-02   
-3.138121853090193e-03  
-1.738349403978903e-01  
-1.014772003363738e-02  
2.088844162622232e-03   
-2.242250489821510e-03  
-9.565641624208227e-02  
6.345354938938677e-04   
-2.130494865498265e-05  
-1.636709286348959e-06  
-1.144569324025576e-04  
-1.040688250464433e-02  
-7.173404741137327e+01  
-2.187605617881434e-01  
-1.540332414996001e-02  
4.230586000887722e-05   
9.080482064942633e+00   
1.869149510927627e-02   
3.715259568417918e-03   
-9.181937396503283e-02  
-6.858916153903734e-01  
-3.919086680783573e-04  
3.290048621129456e-04   
-2.751898265513623e-02  
5.276192481045938e-01   
-1.152068943069566e+00  
-5.233793891028836e-04  
7.122590022213669e-04   
5.621744626552724e-01   
5.129519611267470e-04   
8.663021104592783e-01   
-8.230281052778525e-03  
1.283764931989981e-03   
1.312302284720808e-05   
5.895291206910360e-03   
-3.387450556118756e-04  
-5.101251783718301e-03  
3.260098675066009e-03   
5.214065562386548e-04   
1.506321050214430e-03   
-7.676639373804260e-02  
-1.448227037996541e-03  
1.004788995351470e-02   
4.474274050642305e-01   
1.559267476987876e-01   
-3.349892519622320e-02  
1.866272282942911e-01   
-3.353711053156261e-03  
3.098074549464788e-01   
-8.433986596192958e-04  
-1.580230112315751e-04  
-7.740043346238532e-04  
6.581885409976969e-02   
-1.373566453096742e-05  
6.396632429580361e-01   
-6.297509197892204e-05  
4.176769027385973e-03   
-2.557046282264535e-03  
-5.779769594448656e-01  
-2.721785623323210e-02  
8.056738082823998e-03   
-2.363905030298324e-06  
8.477504772001761e-02   
-4.063873524193017e-02  
-1.224391677235467e-02  
3.146214345423711e-04   
2.395025862347065e-03   
-2.780886423560130e-03  
-2.221194216297584e-05  
-1.456080696433202e-04  
-4.377507235284455e-03  
5.235385654416571e-05   
-3.596508472768416e-01  
2.653285563344031e-04   
3.221925443953057e-04   
8.339459629719871e+00   
2.924390133798214e-03   
-2.871194762793446e-02  
3.653073074929021e-04   
-5.018096587906657e-05  
1.584358243232470e-05   
6.722434210783583e-02   
4.764689194764428e-03   
-1.346922062377223e+01  
1.911838267901169e-03   
6.935679126493704e-03   
-2.461364840700409e-01  
-9.062606755375588e-03  
-3.771826786157682e-02  
7.826424067691427e-03   
9.799143816774746e-05   
1.561376107486916e-02   
-7.755973144881684e-04  
-7.434780138913982e-03  
-2.391123675685266e-04  
-1.380371336904608e-03  
-2.125256636767261e-04  
1.114627275632023e-02   
2.003634376189774e-03   
6.298658313987264e-01   
4.184434065533868e-03   
-6.370324513347218e-03  
5.201135180301020e-03   
-2.841743184754375e-03  
-7.979105617578799e-01  
2.936518865414627e-05   
-1.694202388493780e-01  
-4.150800404175782e-03  
-1.807009294270520e-02  
-1.057352289545141e-05  
-1.832765743971555e-01  
1.113379279357267e-01   
-7.222318094851302e-02  
-1.370615597129223e-03  
1.109399203745755e-02   
-4.220933133068722e-04  
-4.163660665289568e-03  
-7.372418383827208e-04  
-1.440532627367437e-03  
-4.390756979333719e-04  
-5.520578881874552e-05  
-5.197053901006562e-01  
2.644399719594962e-06   
1.096204885811420e-03   
5.358048013783221e-05   
1.106791530961383e-01   
8.816597357314148e+00   
2.264664676173637e+00   
3.262150043333219e-02   
-1.344103745216720e-02  
-2.282131782443639e-02  
-6.121196110674658e-03  
1.259660104574919e-04   
-3.106064904034144e-02  
3.488100030804193e-01   
1.688163631555313e-02   
-6.658757198439275e-01  
1.563590443203034e-04   
9.848687814952062e-03   
-4.645251004088716e-03  
1.170259095441204e-02   
1.519623727152643e-04   
1.146808334996761e-04   
-3.001111664643612e-02  
3.000317348983564e-03   
-2.350099935976565e-01  
1.470567871438007e-01   
-6.507815109472816e+00  
2.766204616788455e-05   
1.155403849135608e-01   
8.320214769313691e-04   
2.067126193828684e-01   
-3.555665144064837e-04  
-1.518196776627740e-02  
2.950065866193735e-02   
3.953611088499882e-04   
2.835200239821998e-01   
8.498089101361175e-04   
2.581207781162547e-03   
2.835158691404406e-03   
1.074520801235479e-04   
2.352281638201624e-02   
-4.048172535262966e-03  
-5.386170926098556e-05  
-2.605123837237953e-05  
2.964360966878322e-03   
-1.954228562919739e-03  
-2.495955408661514e-03  
6.554478869700754e-03   
-4.976760334952158e-04  
-1.527274092462013e-02  
-1.234575402846211e-04  
6.669536603585950e-05   
1.181535728597109e-04   
-4.497471929539649e-01  
5.393259818046003e-03   
2.516395792589722e-02   
-1.264285084237635e-02  
-1.088860182753787e-01  
6.501873492805410e-03   
1.409542424501479e-03   
-8.482571709243302e-04  
-5.619330345441116e-06  
8.010405152895792e-04   
-1.575544225154347e-03  
4.345892930490908e-01   
-1.728445440090259e-03  
1.875920633137390e-02   
3.051610752774135e-03   
-7.812774015818121e-02  
-2.650343784015046e-04  
-3.282393407860062e-03  
2.311703779297776e-01   
-5.246898863584475e-04  
-9.071036727939835e-05  
-1.094475040967135e-05  
-6.879747047992769e-04  
-3.245256155240249e-04  
-5.560049170687241e-01  
1.547368964342843e-01   
2.986029182458988e-02   
-3.333941375979390e-06  
5.418099685454093e-01   
-3.560239462447794e-03  
4.651010940675922e-02   
-3.934704071341362e-07  
-7.224786725120893e-03  
2.937879492607177e-03   
2.065425070641454e-03   
-3.749468502999443e-05  
-8.805031760248181e-04  
-1.222548369540597e-02  
4.918046620055423e-03   
-3.249413043357187e-03  
-1.638484350927264e-01  
-3.803154350853186e-07  
1.477832156087991e-02   
-2.804228196049242e-02  
-1.521880504031603e-05  
2.532905123098598e-04   
2.035805211941222e-02   
-1.379989477872816e-03  
-2.457399189289693e+00  
1.278012343291155e-02   
9.943344352233831e-01   
-2.261835856799723e-04  
3.864100184898886e-02   
-5.017558764624608e-04  
6.578840005195545e-03   
3.487317680612926e-04   
6.147049400423661e-04   
7.239287601365259e-04   
4.160464231056251e-03   
-1.381796560563904e-03  
1.156131811104333e-04   
-1.430003905409591e-02  
3.054503684482775e-02   
-2.821301118616043e-05  
-1.428730484101459e-01  
-7.435747669800125e-01  
-1.840914573228471e-07  
-1.528702674202655e-05  
-2.362995937620081e-01  
-2.487419252329051e-02  
-1.461327413701264e-02  
5.318074765195608e-06   
-8.548463319637887e-05  
1.857010656425461e-01   
-1.606078379894502e-02  
-1.164287443494944e-04  
-1.388107067629017e-04  
-3.804332740621704e-01  
1.517007396597618e-03   
5.029746494075092e-04   
-1.916983347051336e-02  
-1.734019961237114e+00  
-3.115444070444196e-04  
-1.426765539863360e-05  
6.843371086840276e-02   
6.337848632849153e-03   
-2.066247408332122e-02  
5.554195840037417e-05   
-3.971621281583830e-03  
-3.915773292826920e-01  
2.894839784465304e-05   
1.992401353015338e-03   
7.158641423018801e-04   
-2.304459446173078e-02  
-3.124281747406769e-03  
-1.315903312406965e-04  
-4.617312986011380e-02  
6.805952384526826e-04   
-2.231210643252732e-04  
-1.317463694192615e-03  
-9.822558181840117e-02  
-8.610308989162715e-05  
-2.946933614002117e-02  
-2.538268276292049e-06  
3.628995231661256e-03   
-1.722507007866127e+00  
1.870141570173319e-03   
-2.376875006414141e-02  
-7.935270402953425e-02  
1.358904632128794e-02   
-5.045312158126578e-02  
-4.403109581480188e-02  
1.550334515914740e-04   
-6.300341974457092e-04  
-1.618535029725849e-02  
-1.637701141709552e-05  
9.264254187481030e-06   
3.645734153347766e-02   
3.107360527300728e-04   
-2.130838239840253e-02  
6.728943451619559e-01   
1.383398764148678e-04   
1.107490957585437e-03   
2.889044290426395e-01   
6.819499636948267e-03   
-1.011069658272074e-01  
1.376551848607485e-03   
2.047988687427191e-06   
8.166128801840609e-02   
-1.832619340694481e-01  
6.370417890390144e-05   
-5.723973752687943e-04  
-2.004713350686608e-02  
-6.010171482276599e-02  
2.469151346111117e+00   
3.733982506904603e-01   
-2.754609396440490e-03  
3.626202063153315e-04   
-6.829327614438368e-04  
-5.532182645389843e-03  
-1.340151266567373e+01  
1.018942283708390e-01   
1.691871171336445e-04   
-7.099277884324087e-03  
-5.906274396374435e-02  
-8.773563230161473e-03  
-1.524061705652377e-03  
1.662735514467852e-01   
8.351744139373426e-04   
4.826131113288837e-04   
-6.202873823698610e-03  
-7.210695864148632e-03  
-2.469949949013599e-01  
9.304992706507918e-03   
1.543618728049528e-04   
6.201192343593935e-01   
-6.576662692848086e-01  
4.547529236526996e-04   
-5.617111450363809e-04  
-3.854079608201057e-02  
-1.701454539100952e-01  
2.096178050698462e-03   
9.256860429525598e-04   
-3.421008923153030e-02  
-1.572584854112182e-02  
-1.341905437534565e+00  
7.140913374276420e-05   
2.735547956314355e-02   
1.721304307301714e-04   
-2.178813827909044e-02  
1.643864740554963e-02   
1.072153468816331e-04   
7.828990088903138e-04   
7.228894249070458e-03   
1.005328824958382e-03   
-1.582376737500682e-01  
9.173675632862716e-01   
-1.620489263282653e-03  
2.588984749807974e-02   
2.519401516318722e-03   
-1.446274413538544e-02  
5.891825417779564e-04   
5.933858486763796e-03   
3.254050430434886e+00   
1.167252865732840e+01   
-5.009147332534983e-05  
-4.178481069555556e-01  
5.002603132523670e-02   
-3.074342116308065e-03  
-1.050559354763741e-01  
-1.821268250011244e-03  
5.961330297264786e-04   
-3.966104259676495e-02  
-5.122248210793371e-02  
-1.261351872939278e-03  
7.902931343747399e+01   
2.850460748488777e-05   
-2.191919843401785e-02  
3.346510312176338e+00   
-1.066271153213475e-03  
1.711486885263640e-04   
-2.522150132358653e-04  
2.137314374125239e-03   
-5.096366471016713e-04  
-1.991576656829122e-03  
-1.255092443863910e+00  
1.621921426288272e-05   
-4.183112199148849e-02  
-3.839184938173433e-01  
-3.476541245944765e-01  
1.057404380069106e-01   
-4.719431162010519e-04  
-4.991713406738736e-05  
-1.139219833154752e+00  
4.637531868846315e-02   
-6.196797890085663e-03  
1.322287146699805e-03   
-3.432069854055930e-06  
2.079432299838449e-03   
6.840979916866924e-02   
-1.002309155732996e-03  
1.105564016418129e-01   
-1.140560031273704e-02  
8.161061557391838e-04   
-1.337705687701702e+00  
-6.871331885019710e-02  
-3.463640517763881e-02  
1.832708608177890e-03   
-4.897109997137081e-02  
2.472502612593171e-03   
-6.151266096867932e-02  
-2.800382330782504e-01  
6.841578142732267e-03   
-2.192590527990413e-03  
-3.495405809903272e-03  
8.939774672541247e-05   
-5.154849863207088e-04  
-5.293022139198322e-02  
1.637307795728340e-04   
2.620634689115048e-01   
2.410191914327990e-04   
5.391868914945221e-03   
-1.691218569788786e-03  
-4.215445803045197e-05  
-1.961671900673829e-02  
-4.017690352197479e-01  
2.342546570308119e-06   
-7.772635704520661e-04  
-2.330501739357514e-02  
-1.913010617125177e-02  
-1.792073715024886e-04  
-2.761730705147919e-02  
3.652250482655480e-04   
1.000542094164340e-02   
-1.509402346833473e-03  
4.937286358870452e-02   
3.922699505509502e-05   
-2.408825147731294e-03  
-5.719110127467622e-04  
8.924469903853501e-02   
7.054346837579754e-04   
-1.074905980881678e-01  
4.309851212362273e-03   
-2.984117914176108e-03  
-1.353640032270119e-03  
1.974792437358009e-01   
-9.583357568842062e-04  
1.849943280958212e-03   
-9.294851365098748e-04  
-2.757871091603654e-05  
1.224868514589296e-02   
2.596351188678837e-05   
-6.642313937490778e-01  
9.956754362617216e-03   
-2.783655314039026e+00  
2.075128743160425e-03   
1.278114313849500e+00   
-9.575557364874467e-05  
-8.327624165158727e-04  
2.439767486808852e-01   
-2.570347347851022e-02  
-8.495521251029754e-02  
-1.195514488370078e-02  
-1.435780577304644e-02  
1.151539014586200e-02   
1.848231712980543e+00   
-2.354492339604637e-03  
5.820453448827713e-04   
-8.380121945434172e-01  
-1.598794739386470e-02  
-7.040939238987694e-02  
1.010978648221636e-01   
-4.039623488768845e-04  
-1.008847083234287e-02  
6.635662421740628e-02   
2.285363579212241e-05   
4.408089476532955e-02   
-3.518123203159823e-02  
-2.738654890455908e-01  
3.806900408915697e-03   
5.898826823613793e-06   
-9.918413781666319e-02  
2.971748184524716e-02   
-3.685644472160152e-04  
3.411050018547010e-04   
-3.004576192486810e+00  
3.462797422456441e-06   
-3.352156604887547e-04  
6.107327031141877e-06   
7.566510228026669e-04   
-1.422722736127834e-03  
-1.396100347103682e-01  
-1.428446580705564e-02  
2.454700104754959e-02   
3.884665101383683e-03   
9.321535655266392e-03   
-1.354709302590386e-02  
-9.363208765927057e-04  
9.700417437621520e-04   
-6.968389177125227e-03  
5.237998644080483e-02   
-1.264337518817220e-02  
2.368780483225343e-01   
-1.146358207901702e-03  
-1.654463917165744e-05  
-1.855177849622618e-01  
-7.815639812598654e-03  
-7.200408456539526e-04  
-3.261296724367588e-02  
3.264224013091887e-01   
4.254140816652726e-01   
2.132630389834096e-02   
-1.508027530767505e+00  
-3.321415703457084e+00  
-2.639668144856010e-03  
-4.531129120442269e+00  
4.839561607636159e+00   
-2.057022537505986e-04  
-2.238720369426604e-01  
1.746812923089560e+00   
-1.749849657952569e-02  
1.063305530872254e-07   
2.575812169247618e-02   
1.991283227634661e-02   
1.345178040002197e-01   
2.883533025468221e-03   
-4.106897029014854e-01  
-1.152039954274150e-04  
-4.269733425348476e-04  
-7.381990529847824e-03  
1.231884948174064e-04   
1.601573747481530e-02   
2.318207459483175e+00   
3.601781748467270e-04   
5.387684574288676e+00   
-3.096532580026594e-02  
2.914352368693690e-02   
1.080381289987436e-04   
1.631681645395390e-03   
-4.972644023302252e-04  
3.282994989887904e-02   
4.526016757813903e-02   
-4.676841472284798e-04  
-1.222023571858454e-01  
-1.545097475557433e-02  
2.993657771958549e-03   
-1.405829245775452e+00  
2.187304382273248e+03   
9.773388826656017e-02   
4.240250267894203e-03   
2.401098831361027e-03   
4.112113728857442e-02   
-4.107246265525848e-02  
1.190194559183855e-03   
1.983858673796966e-03   
-6.900438354714502e-04  
6.284884463768866e-04   
9.247897315913765e-04   
-8.521206300258200e-03  
-7.176386046694695e-01  
1.829650398357519e+01   
1.043938061437337e-01   
2.022507867627128e-03   
3.109963572495843e+00   
3.587224858558257e-01   
8.483856862648992e-02   
1.500619778306353e-04   
2.236297204835991e-07   
-2.701541575216744e-04  
-2.935353152372819e-01  
-2.233674997757422e-01  
2.848426886296433e-02   
6.167485661194108e-03   
-1.581178869584832e-02  
-1.542535593889269e-03  
1.632601568399589e-04   
-1.906678214396570e-02  
-3.934742973489535e-03  
-5.585135617953406e-03  
2.973903926464006e-03   
-3.321858627016589e-03  
3.899644430301153e-04   
-4.132657333821766e-02  
1.005449900451420e-04   
-3.400113639339812e-06  
2.048659318120176e-04   
-7.239386268995723e-06  
-2.186536314794952e-02  
-8.042935548274113e-06  
-1.167139925918405e-01  
4.621048397819263e-02   
-3.753439496010551e+00  
-1.441757802706230e-05  
-1.537968171738396e-02  
-4.546707876158588e-02  
1.597139531574673e+00   
-2.418445862944188e+00  
7.047910325501755e-04   
-1.372772877585087e-03  
-7.148217297368480e+00  
-5.508898376254991e-04  
7.052753121772737e-05   
2.996433703520845e-02   
1.742580196800669e-03   
1.198527364698659e-01   
-4.707662564598088e-02  
1.653274255514655e-05   
-3.623213119516398e-02  
-5.769013865807702e-03  
3.865678618995033e-02   
-9.567204119592529e-02  
6.423837082032888e-02   
1.025115098272210e-04   
9.140366698504097e-02   
-5.652543714184312e-03  
1.197420205439300e-02   
1.770088238220861e-05   
5.002820396154008e-02   
-2.329332451614871e-04  
2.433240268795774e-03   
5.231820847636940e-02   
-2.579364415277030e-01  
5.155469057812382e-03   
-1.295262834520005e-02  
7.518691145463249e-06   
6.413371953620271e-02   
3.197997324051437e-02   
7.287248801067006e-02   
7.950100108130213e-03   
-5.161079809766362e-04  
9.247573676446634e-05   
4.107019288351434e+00   
7.526897696374219e-03   
4.803444495884201e-03   
1.189194293315961e+01   
-1.156806529081025e-06  
-1.562471777055869e-03  
-1.667659593337021e-03  
-3.252732148230446e-04  
-2.170467051564415e-03  
2.186705939025076e-04   
-3.086471452066468e-03  
-1.820239699042925e+02  
-2.228087034022588e-03  
-2.869221086342093e-03  
1.234887501327248e-01   
4.359497239649312e+01   
-3.202332902733488e-02  
-1.615777951238055e-03  
2.316441749415650e-01   
2.026420593637278e+00   
4.580184417182839e-04   
-4.263967608216807e-02  
4.910023984037567e-04   
4.814071973746619e-02   
1.332197526697931e-01   
2.316365806211472e-04   
1.061146019952000e+01   
-4.139230986637122e-03  
2.079175901614943e-01   
1.899261614348020e-02   
1.029562433049682e-02   
5.287654179610202e-02   
8.442451635250819e-03   
-3.195341085679513e-04  
-1.026452658717731e-01  
1.600018839841872e+00   
-2.573703869062232e-06  
-6.023835936674416e-04  
1.710166189458350e-02   
2.614068643906780e-04   
-2.170341296203914e-03  
7.827754680023955e-03   
-2.436668326655651e-02  
3.825363679238395e-02   
-9.094679353849383e-04  
-2.883752208469261e-02  
-1.130942744340757e-03  
-1.976050248502057e-01  
8.944914670305761e-05   
1.568757160867299e-04   
-6.029694488306019e-02  
-2.148667153334136e-01  
5.001175100781704e-05   
1.210304287428974e-03   
-5.228966509578481e-02  
-5.666733747298126e-04  
-4.345867110409319e-04  
1.536004550076996e-02   
-6.447438913991596e-01  
9.880287307494232e-02   
-8.690837894135156e-03  
-2.906396845988171e-03  
-1.086537611519430e-03  
3.224087664050154e-01   
3.184319493374563e-02   
4.511317658134466e-02   
1.252849324101579e-02   
5.655347103327211e-04   
1.490983118464922e+00   
2.523476389066991e-03   
-2.269207394677421e-03  
-5.956109799937408e-02  
1.264733583807200e-02   
1.903430639169398e-02   
1.676629289543657e-03   
-1.600208804238604e+00  
-7.558093242260127e-01  
2.819891638929341e-03   
1.019130790953510e-04   
-1.203084934482065e-03  
-9.468484571125956e-04  
-5.656424358211171e-01  
4.588734267396682e-03   
-5.445688958095546e-04  
1.512939262229523e-02   
-3.396423461279073e+00  
-2.287384078358483e-06  
-1.936732025884946e-02  
2.323087343030977e-02   
1.387083490195446e+01   
1.811635959298202e-02   
-1.156998812109463e-01  
-5.571302118685468e-02  
-4.275214637806869e-03  
1.203991564321540e-01   
5.187732890508227e-02   
1.368377876344460e-01   
2.078057822642732e-03   
4.057364193612080e-06   
-2.237751873397344e-01  
1.866265044721039e+00   
2.394855888225010e-01   
1.651394316320056e-02   
9.870176486868143e-03   
6.124308920637209e-02   
-1.069368194119925e-02  
-1.518731204132175e+00  
-8.703891753872983e-03  
-1.624884853578729e-01  
3.197615922815966e-04   
5.627781057137328e-06   
-4.946075460671557e-02  
1.341743347631629e+00   
1.319598148511743e-03   
-1.155535358490308e-04  
7.101131306330051e-07   
3.210995526410158e-02   
-7.389742431289731e-03  
-4.997836635716131e-05  
1.024376624373143e-04   
-9.576217017995882e-05  
-1.452507404400851e-03  
-2.212086649852383e-05  
-1.172990284200851e-03  
1.442325115586248e-03   
5.429523934805309e-06   
3.385623303842600e-02   
1.030463228469403e-01   
-2.351313189568572e-05  
-1.772944698462605e-03  
-3.857809661616560e-02  
1.847295265855435e-04   
1.308891203479613e-02   
3.283015690653472e+00   
-6.762125846408490e-02  
2.759440216005589e-03   
-9.343501416859265e-04  
7.349919204767398e-04   
3.170601768680274e-04   
-2.490332300615349e-05  
2.454960747521792e-06   
-1.455102045895851e-02  
8.105706934536556e-03   
3.280680561992205e-03   
1.184685308395008e+00   
-1.026933933970792e-02  
-3.677160558575971e-06  
2.831817778895069e+00   
7.087030424432121e-05   
2.882504278585538e-02   
-2.194121147051882e-04  
-2.460383488458495e-03  
1.664084633596020e-02   
-9.865152856422511e-02  
-3.629765941888819e-04  
-8.290909035665522e-06  
-3.930492532916238e-04  
-8.187231028987552e-04  
-2.246701357048438e-01  
2.252559541570254e-02   
-1.236097182395587e-03  
2.223668170076454e-01   
7.296956906857353e-03   
9.734096660463944e-02   
8.511520531519222e-02   
8.130144413299741e-05   
2.778029197480816e+00   
-3.640536294788942e-01  
7.531699173734438e-02   
1.962039338713092e+00   
-4.286554138171316e-03  
-1.930150466828257e-02  
-2.194203900930450e-04  
2.671112465826759e-04   
-9.366856560667602e-03  
1.942962541319861e-03   
-5.583372945963464e-01  
-7.821252077230710e-03  
-3.543020338658893e-02  
-1.466790802157998e-01  
2.528383618235462e-06   
-3.580282821080238e-03  
-4.188702111038915e-03  
3.475762963291052e+00   
2.940838241716991e-02   
-2.659343363089244e-02  
-1.043947470363052e-02  
2.236104008000675e-02   
6.771182015627917e-03   
-1.682987058221354e-04  
-1.873946302106192e-03  
1.142749163672593e-02   
-1.890075310242943e-02  
1.365389965594425e-01   
3.492025809178649e-04   
-2.230829655012872e+01  
-1.748020384652278e+00  
4.312140901677832e-03   
-1.017389557153462e-01  
1.582922423905263e-04   
-9.670621755614879e-03  
-1.376742567077595e-03  
3.613751237139286e-02   
1.245534602037359e-02   
4.937709906791055e-02   
1.309155867194790e-02   
2.229345267221944e+00   
-2.130761349376724e+00  
-1.164443350873693e-02  
-1.070935927407621e-01  
-2.143600633470586e-02  
2.098948839125653e+00   
7.133580885115017e+00   
2.618303060787824e-01   
1.834432391983071e-02   
9.378697504312375e-02   
1.427271506682078e-03   
-7.341111960560409e-04  
5.028877741318063e-03   
1.383608454821913e-01   
-2.001215668840589e-05  
-1.110946884990466e+00  
1.822369212424179e-01   
-4.274730974136338e-03  
-1.131936293155872e-04  
-5.668290688672818e-01  
2.207208082229479e-05   
1.857909875954642e-02   
1.856273188287954e-03   
-3.839319957332770e-03  
-5.714278065212105e-03  
-8.057813179971680e-02  
9.693892162553434e-04   
7.704219674409417e-02   
4.320028176582174e-02   
-2.592128511235549e-03  
9.601287240711234e-06   
-1.639145490514819e-03  
1.572668726226960e-01   
-5.815541107701934e-04  
2.585615126523966e-03   
-5.258733879976973e+00  
-2.366572750777388e-01  
6.993120321149158e-04   
-1.052727940865811e-02  
-2.815076197945164e-02  
-1.423513349977362e-03  
-5.849525913484913e-02  
3.198998712308260e-04   
1.578429605046503e-02   
-3.002543544411930e-03  
6.905973110027501e-02   
-1.413251205912365e-04  
4.521129255385096e-03   
-7.211913980877420e-03  
-3.926813066679086e-02  
3.457624341293948e+02   
-2.045817434296023e-02  
2.229997377141842e-02   
1.907860592019226e-02   
-1.932043130533505e-04  
-1.342080393063423e-02  
-3.022810464410104e-03  
2.780216334526203e-06   
-1.614528408887900e-03  
2.319912533688816e-02   
3.973001856304072e-02   
-3.077127394795422e-02  
5.422385865578237e-03   
-7.375584854838959e-01  
-1.652230363631454e+01  
-4.428162251642195e-01  
-4.024259975581277e-07  
-2.160165618354673e-02  
7.454289040017750e-03   
-1.052386824240577e-04  
2.040750875724159e+00   
-2.195090462739463e-03  
-5.983824155508358e-02  
3.028622661305423e-02   
1.022362075220971e-02   
2.553091184439832e-02   
-3.690773253183656e-04  
-8.129525343050972e-01  
1.528061321696897e-01   
1.267590594233019e-03   
-1.319902215262835e-02  
5.237533368920910e-03   
-8.849979089445896e-02  
-8.149501191285416e-03  
8.266911530707522e-04   
-1.700548152081726e-02  
-1.295740382208349e-03  
-5.966128917980623e-02  
-3.167626979180178e-02  
-3.989946248676023e-02  
4.437868575693996e-02   
2.329136590938405e-04   
-6.955682119752697e-03  
1.995101665441321e-01   
-1.934470344267866e-03  
-2.715524588332189e-05  
-1.451811918788593e-03  
7.031775033268656e-01   
1.344944082689901e-01   
6.470292379328032e-03   
2.481005741950396e-03   
1.646732757677230e-02   
-3.990977934565014e-04  
-2.667129823454367e-03  
-1.158378016899632e-02  
1.086700796575992e-01   
-5.360309148321025e-04  
-8.130602619217139e-02  
2.235129707170260e-02   
-2.204922101195336e-02  
2.009129935507748e-05   
-1.782588324135613e-04  
-7.383668969633843e-03  
2.007500383543715e-04   
-7.719227225009742e-02  
6.781253134607314e-03   
-2.047133944373420e-03  
-7.510206710600984e-03  
1.658126630297484e-03   
2.760991873230107e+00   
3.078086044677891e-01   
-3.019158457867829e-03  
6.968084633882400e-04   
-8.961136179885987e-04  
4.247180402491154e-01   
-2.729889973402207e-01  
-5.488921021058602e-03  
3.726268648763369e-02   
-3.865255395050120e-03  
6.990277597839678e-02   
-6.219307906195332e-03  
7.759324365008222e-01   
-6.697832769166268e-02  
-4.709185377676440e-05  
-7.798950082530585e-02  
3.000266712254136e-01   
4.587941127934884e-04   
-1.246757863524181e-04  
-1.038143404811841e-03  
2.864000451292240e-03   
1.466168392244598e-03   
7.090417284598062e-02   
1.148903365870053e-02   
6.659029481375979e-02   
1.758472557725482e-04   
2.124869563414288e-03   
-3.759848213258762e-05  
8.028570158125212e-02   
1.709267098751741e-02   
-1.441690330411608e-02  
-3.956395584709700e-06  
-1.105980393017934e+00  
-1.472354867247679e-02  
-5.530753899065430e-01  
5.933602128165644e-03   
-8.102771715092345e-03  
-2.794163364299347e-02  
1.462663450202962e+00   
9.270756959165087e-06   
2.427946477757488e-01   
1.329779509548679e-03   
-1.266259033648533e-01  
6.701961295063413e-07   
1.806420181186705e-03   
-4.156608104264738e-01  
1.037713381855957e-01   
3.704868859096787e-06   
1.981168149857109e-03   
1.271364447628550e-02   
-1.959460253576857e-05  
-2.863055523659388e-06  
1.206109351384644e-03   
-2.015545208701532e-03  
2.024811577590767e-02   
7.707425149715858e-03   
1.155648874427782e-02   
1.089750334247698e-04   
-7.659437927999934e-03  
-1.719060619658807e-01  
9.269997695455851e+00   
9.580046819245151e-03   
3.045343459756452e-01   
2.443430932452026e+00   
-4.412823550440786e-03  
3.267823613053482e-03   
4.030583162849593e-03   
8.432613097514781e-01   
2.133036796258543e-04   
-7.934749415266927e-01  
1.690815302291658e-04   
-1.834927951206517e-01  
-3.658139561708870e-03  
-9.748559846282201e-03  
-8.869155590258530e-04  
1.945609375942719e-02   
-6.944321239611848e-03  
-4.623577150147330e-04  
2.748222260345563e-01   
6.041340391579825e-02   
8.608209377317719e-03   
-1.544989656637958e-04  
1.513959052514862e-04   
-2.848690075951258e-03  
-9.867211323013034e-03  
4.841249525065618e-02   
2.496342638766108e-02   
-2.963836198119141e-03  
8.921237162618589e-03   
5.465565157330709e-07   
-1.310121880897284e-02  
4.104990157623801e-03   
-3.496008153672321e-01  
-3.287966284837614e-05  
6.561533744092653e-06   
2.501246810486989e-02   
8.256955585781872e-02   
1.112007315359602e-02   
-2.818338813136430e-03  
7.617432431340263e-03   
8.322491324856325e-03   
1.817826710405187e-02   
3.525107802911716e+02   
-8.114686986731458e-02  
1.311781537361247e+00   
2.250934253457652e-02   
-9.418503407302905e-03  
4.363848108887192e-01   
-3.510108256911803e-08  
4.909385253955770e-03   
-1.303416365721252e-02  
-6.899301468102937e-04  
-2.532357979956289e-01  
-4.703630117902973e-03  
-2.607985630240338e+00  
4.837878033935108e-02   
5.974845462716780e-02   
-1.245508523020563e-01  
-2.059566666748641e-02  
-1.254086657044051e-02  
-4.123647789926585e-03  
1.324329066499875e-01   
3.994836860347349e-05   
7.910202600287002e-02   
1.323566676590938e-02   
-1.775461023149483e-02  
3.891096197139805e-03   
-9.265891884362881e-05  
-8.720129831143716e-03  
-3.515861912801557e-05  
7.453481364167282e-06   
-6.852764289973255e-03  
4.383339331883686e-02   
9.247984148910222e-04   
1.438051868524435e+00   
1.054101375262412e-05   
5.606335403898859e-05   
1.532052455317276e-04   
4.931412366819273e-01   
-2.487597617867325e-05  
8.844844493603190e-07   
1.049745213499794e+01   
1.899546348207636e-02   
1.816953799154969e-01   
-3.339873105114631e-03  
5.975841911682704e-05   
1.279699304677578e-02   
2.634703782041455e-04   
-1.507749362321676e-01  
-4.979531358786596e-03  
1.632831798889635e-03   
1.471328049375070e-03   
-7.220809740573781e-03  
-8.333826510313476e-04  
-8.376137193530759e-01  
-9.659158442657166e+00  
-3.925845315015110e-02  
-1.034624426132759e-05  
-1.249312779893747e-01  
-4.314700655626900e-02  
-5.765698540269819e-02  
-2.352911407250387e+00  
9.994217874020940e-05   
1.207956003331961e+02   
4.724814460485533e-03   
-1.749261789909424e+02  
-7.325723304914746e-04  
3.929773177975820e-03   
-1.079717645944956e-02  
1.793416254444069e-06   
6.838428356159807e-03   
-4.483918904303103e-02  
-3.127010358000936e+00  
-1.709395959903672e-04  
5.092571121632680e-03   
-1.201206750506091e-02  
-1.317500358454113e-01  
-8.186850971261522e-04  
3.892121907270913e+00   
2.244541002208274e-04   
5.327283291947127e-07   
-8.253772780869562e-04  
3.119975107858246e-01   
2.514018734596012e-01   
-8.149712732814904e-02  
-2.581746979587455e-02  
3.104127341309771e+00   
-5.673575696555145e-03  
-1.239721972055566e-06  
5.963486742868967e-04   
1.911822449910590e-02   
-2.345962839635709e-02  
-1.096008031350438e+00  
-1.528828176298106e-01  
-1.385309614062784e-01  
-1.120732755695602e-02  
4.348348920293067e-06   
6.217276702091409e+00   
-3.626397352870480e-03  
-5.140976323003613e-02  
8.832149277969008e-03   
-1.189340090142846e-04  
-5.305876317238630e-03  
-2.311095363842154e-01  
5.332422265888641e-03   
-8.114250480575196e-05  
-2.489506644733950e-03  
6.666008670172056e-01   
-9.858115699350428e-04  
-1.019958815291565e-02  
6.289984733425817e+00   
-1.526765467911006e+00  
-2.638587859348447e-02  
2.401381397992820e-02   
1.379030276626340e-03   
-2.370217516452165e-02  
2.556338134554866e-03   
1.004726457548213e-01   
1.787343701853073e-06   
1.340920961022328e-01   
1.101034801511475e-02   
-1.828447970267235e-02  
8.641609407299829e-02   
-5.034511058645784e-02  
-3.195937547648364e-04  
1.936731957674386e-01   
-8.032742464294207e-06  
5.715014464602818e-01   
5.897443530113800e-04   
1.058242985373666e-01   
-1.097164204142075e-02  
1.329807299959438e+00   
4.904118250214071e-02   
-3.065772688470805e+00  
-6.157221081667003e-04  
-2.588080295081441e-03  
1.575780473148235e-01   
-8.307030355108207e+00  
-1.804347633518156e-02  
8.676703261491339e-05   
3.652371859036119e-03   
7.108206086217612e-02   
1.379960325334695e-02   
1.450195621718062e+01   
6.049496457758566e-04   
-4.860166310686466e-04  
1.894074570081864e-01   
5.099293067321934e-04   
-9.725312835654244e-02  
-1.530025017406213e-03  
3.736550218206249e-03   
5.323592734818051e-02   
-4.323174631210038e-03  
-9.837230287489723e-01  
2.133479753900503e-01   
-8.459255954905926e-03  
-5.885612849792959e-02  
3.720371091638457e-02   
-1.608153858525785e-02  
6.936830496328344e-01   
5.098101441523371e-02   
-2.210018222238093e-01  
-2.915431191007576e-03  
7.300540569362259e-04   
-6.382662033909510e-04  
-1.357712258817728e-03  
1.499277519523351e-02   
-2.529379263707799e-02  
2.740205802439958e+01   
-1.414385872007708e-01  
-4.724026994900437e-04  
1.094726736366429e-02   
-1.962657844299527e-03  
1.033775981893161e-01   
5.451973289493698e-01   
-4.328993344564757e+02  
4.323548894414332e-04   
-3.033783435588251e-02  
1.867825256365529e-04   
-1.396717991992242e-02  
-5.024760557022051e-02  
-3.871530051300187e-02  
7.551582887318624e-02   
2.204113989183660e-03   
-9.547071420361005e+00  
6.455460431285126e-03   
-1.053716929259479e-03  
1.661941118446195e-02   
-5.959834824152694e-04  
-8.966084234401717e-04  
6.405115993971105e-05   
9.903247297100794e-03   
-3.321266051360890e-02  
1.233926722440982e-02   
8.781951510860470e+00   
-7.658317917041015e+00  
-3.609383548323877e+00  
-1.763641225658306e-02  
-1.296673358759876e-01  
-2.143589105042160e-01  
-7.122428854060594e+00  
-3.118746312859621e-04  
-6.955760456811416e-02  
2.703483180981302e-02   
3.301518914541811e-02   
-1.036433489327516e+00  
-8.654724288908983e-02  
-1.338567179180308e-02  
-1.658709837032496e-02  
1.524677285982827e-03   
4.452385473894255e-04   
5.149184130208863e-03   
-8.996507311167300e-04  
-4.498436964855385e-03  
1.132295113859779e-01   
6.143484506071113e-02   
-1.417817604000022e-03  
-5.950095480333392e+00  
-4.818837902716687e+00  
-9.085303743504290e-02  
1.762921864597501e-02   
9.924400777266576e-02   
-2.326263456844395e-02  
2.772617997643607e-03