0.5000000000000004 0.0 0.0 0.5000000000000007 0.0 0.0 -0.5000000000000002 0.0 0.0 -0.5000000000000002 0.0 0.0 
-0.7071067811865474 0.0 0.0 0.7071067811865476 0.0 0.0 0.0 0.0 0.0 0.0 0.0 0.0 
0.4999999999999997 0.0 0.0 0.5000000000000006 0.0 0.0 0.5000000000000004 0.0 0.0 0.5000000000000004 0.0 0.0 
-0.01974478228947152 -0.41394446462124307 0.2804460379635131 -0.019744782289471647 0.41394446462124307 -0.28044603796351353 0.01974478228947141 0.41394446462124296 0.28044603796351353 0.019744782289471456 -0.4139444646212429 -0.2804460379635134 
-0.09034444360245533 0.06988949131639638 -0.6987468428276961 0.09034444360245548 0.0 0.0 0.082875259528177 0.0 0.6987468428276964 -0.08287525952817688 -0.06988949131639671 0.0 
0.08733795153530588 -0.43720510900190246 0.2425936781176179 0.08733795153530609 -0.4372051090019028 0.24259367811761795 0.08733795153530628 -0.4372051090019026 0.24259367811761817 0.08733795153530599 -0.4372051090019029 0.24259367811761812 
-0.02009250490440497 -0.2980754884129713 -0.4020005688753525 -0.02009250490440497 0.29807548841297105 0.4020005688753524 0.02009250490440522 0.29807548841297116 -0.40200056887535246 0.020092504904404607 -0.2980754884129709 0.4020005688753524 
-0.1510887614064789 0.40413504924874033 -0.7960579620124748 -0.15108876140647926 0.4041350492487409 -0.7960579620124746 -0.15108876140647973 0.40413504924874044 -0.7960579620124754 -0.15108876140647892 0.40413504924874094 -0.7960579620124756 
0.017876746678954666 0.035553986828250936 0.227071536138316 -0.0178767466789547 -0.10068014428667196 -0.57365527832103 0.3732701269579891 0.10068014428667156 -0.2270715361383163 -0.3732701269579891 -0.035553986828250936 0.5736552783210299 
-0.04640040564555996 -0.45398008078623325 0.07085038931925339 0.046400405645559785 0.5738178878264887 0.06409674109005953 -0.02552380257192219 -0.5738178878264885 -0.07085038931925347 0.025523802571922202 0.4539800807862337 -0.06409674109005978 
0.0035753096801885965 0.6305475373630758 0.1314994100471522 -0.00357530968018828 0.18650966742050246 -0.515848104265684 -0.05273468865809852 -0.18650966742050246 -0.1314994100471524 0.05273468865809855 -0.6305475373630762 0.5158481042656843 
-0.01881690950659513 0.09124436420176268 -0.048684908766342544 0.018816909506595172 -0.0258933122044554 -1.127955435369349 -0.22299502866257292 0.025893312204455038 0.04868490876634228 0.22299502866257292 -0.09124436420176324 1.1279554353693495 
-0.7071067811865477 0.0 0.0 0.0 0.0 0.0 -0.7071067811865474 0.0 0.0 0.0 0.0 0.0 
-0.7071067811865474 0.0 0.0 0.0 0.0 0.0 0.7071067811865477 0.0 0.0 0.0 0.0 0.0 
0.0 0.0 0.7071067811865477 0.0 0.0 0.0 0.0 0.0 0.7071067811865475 0.0 0.0 0.0 
0.0 0.0 -0.7071067811865475 0.0 0.0 0.0 0.0 0.0 0.7071067811865477 0.0 0.0 0.0 
0.0 0.0 0.0 0.0 0.7071067811865476 0.0 0.0 0.0 0.0 0.0 -0.7071067811865475 0.0 
0.0 0.0 0.0 0.0 -0.7071067811865475 0.0 0.0 0.0 0.0 0.0 -0.7071067811865476 0.0 
0.0 -0.7071067811865476 0.0 0.0 0.0 0.0 0.0 0.7071067811865475 0.0 0.0 0.0 0.0 
0.0 -0.7071067811865475 0.0 0.0 0.0 0.0 0.0 -0.7071067811865476 0.0 0.0 0.0 0.0 
0.0 0.0 0.0 0.7071067811865477 0.0 0.0 0.0 0.0 0.0 -0.7071067811865475 0.0 0.0 
0.0 0.0 0.0 -0.7071067811865477 0.0 0.0 0.0 0.0 0.0 -0.7071067811865475 0.0 0.0 
0.0 0.0 0.0 0.0 0.0 -0.7071067811865479 0.0 0.0 0.0 0.0 0.0 -0.7071067811865471 
0.0 0.0 0.0 0.0 0.0 -0.7071067811865471 0.0 0.0 0.0 0.0 0.0 0.7071067811865479 
-0.7071067811865477 0.0 0.0 0.0 0.0 0.0 0.0 0.0 0.0 -0.7071067811865474 0.0 0.0 
-0.7071067811865474 0.0 0.0 0.0 0.0 0.0 0.0 0.0 0.0 0.7071067811865477 0.0 0.0 
0.0 0.0 0.7071067811865475 0.0 0.0 0.0 0.0 0.0 0.0 0.0 0.0 -0.7071067811865475 
0.0 0.0 -0.7071067811865475 0.0 0.0 0.0 0.0 0.0 0.0 0.0 0.0 -0.7071067811865475 
0.0 0.0 0.0 0.0 0.7071067811865479 0.0 0.0 0.7071067811865471 0.0 0.0 0.0 0.0 
0.0 0.0 0.0 0.0 -0.7071067811865475 0.0 0.0 0.7071067811865476 0.0 0.0 0.0 0.0 
0.0 0.0 0.0 -0.7071067811865475 0.0 0.0 0.7071067811865475 0.0 0.0 0.0 0.0 0.0 
0.0 0.0 0.0 -0.7071067811865475 0.0 0.0 -0.7071067811865475 0.0 0.0 0.0 0.0 0.0 
0.0 0.0 0.0 0.0 0.0 -0.7071067811865475 0.0 0.0 0.7071067811865475 0.0 0.0 0.0 
0.0 0.0 0.0 0.0 0.0 -0.7071067811865475 0.0 0.0 -0.7071067811865475 0.0 0.0 0.0 
0.0 0.7071067811865472 0.0 0.0 0.0 0.0 0.0 0.0 0.0 0.0 -0.7071067811865479 0.0 
0.0 -0.7071067811865482 0.0 0.0 0.0 0.0 0.0 0.0 0.0 0.0 -0.7071067811865469 0.0 
1.0 0.0 0.0 0.0 0.0 0.0 0.0 0.0 0.0 0.0 0.0 0.0 
0.0 -0.7071067811865477 0.0 0.0 0.0 -0.7071067811865474 0.0 0.0 0.0 0.0 0.0 0.0 
0.0 -0.7071067811865475 0.0 0.0 0.0 0.7071067811865476 0.0 0.0 0.0 0.0 0.0 0.0 
0.0 0.0 0.0 1.0 0.0 0.0 0.0 0.0 0.0 0.0 0.0 0.0 
0.0 0.0 -0.7071067811865475 0.0 0.7071067811865475 0.0 0.0 0.0 0.0 0.0 0.0 0.0 
0.0 0.0 0.7071067811865475 0.0 0.7071067811865475 0.0 0.0 0.0 0.0 0.0 0.0 0.0 
0.0 0.0 0.0 0.0 0.0 0.0 1.0 0.0 0.0 0.0 0.0 0.0 
0.0 0.0 0.0 0.0 0.0 0.0 0.0 -0.7071067811865477 0.0 0.0 0.0 0.7071067811865475 
0.0 0.0 0.0 0.0 0.0 0.0 0.0 -0.7071067811865475 0.0 0.0 0.0 -0.7071067811865477 
0.0 0.0 0.0 0.0 0.0 0.0 0.0 0.0 0.0 1.0 0.0 0.0 
0.0 0.0 0.0 0.0 0.0 0.0 0.0 0.0 0.7071067811865474 0.0 -0.7071067811865477 0.0 
0.0 0.0 0.0 0.0 0.0 0.0 0.0 0.0 -0.7071067811865476 0.0 -0.7071067811865475 0.0 
-0.7071067811865479 0.0 0.0 0.7071067811865471 0.0 0.0 0.0 0.0 0.0 0.0 0.0 0.0 
-0.7071067811865471 0.0 0.0 -0.7071067811865479 0.0 0.0 0.0 0.0 0.0 0.0 0.0 0.0 
0.0 0.0 0.7071067811865475 0.0 0.0 -0.7071067811865475 0.0 0.0 0.0 0.0 0.0 0.0 
0.0 0.0 -0.7071067811865475 0.0 0.0 -0.7071067811865475 0.0 0.0 0.0 0.0 0.0 0.0 
0.0 -0.7071067811865475 0.0 0.0 0.7071067811865477 0.0 0.0 0.0 0.0 0.0 0.0 0.0 
0.0 0.7071067811865475 0.0 0.0 0.7071067811865477 0.0 0.0 0.0 0.0 0.0 0.0 0.0 
0.0 0.0 0.0 0.0 0.0 0.0 0.7071067811865475 0.0 0.0 0.7071067811865475 0.0 0.0 
0.0 0.0 0.0 0.0 0.0 0.0 -0.7071067811865475 0.0 0.0 0.7071067811865475 0.0 0.0 
0.0 0.0 0.0 0.0 0.0 0.0 0.0 0.0 0.7071067811865475 0.0 0.0 -0.7071067811865475 
0.0 0.0 0.0 0.0 0.0 0.0 0.0 0.0 -0.7071067811865475 0.0 0.0 -0.7071067811865475 
0.0 0.0 0.0 0.0 0.0 0.0 0.0 -0.7071067811865475 0.0 0.0 0.7071067811865477 0.0 
0.0 0.0 0.0 0.0 0.0 0.0 0.0 -0.7071067811865475 0.0 0.0 -0.7071067811865477 0.0 
-0.7071067811865477 0.0 0.0 0.0 0.0 0.0 0.0 0.0 0.0 0.0 0.0 -0.7071067811865474 
-0.7071067811865476 0.0 0.0 0.0 0.0 0.0 0.0 0.0 0.0 0.0 0.0 0.7071067811865475 
0.0 0.0 -0.7071067811865477 0.0 0.0 0.0 0.0 0.0 0.0 -0.7071067811865474 0.0 0.0 
0.0 0.0 -0.7071067811865476 0.0 0.0 0.0 0.0 0.0 0.0 0.7071067811865475 0.0 0.0 
0.0 0.0 0.0 0.0 1.0 0.0 0.0 0.0 0.0 0.0 0.0 0.0 
0.0 0.0 0.0 0.0 0.0 0.7071067811865477 0.7071067811865474 0.0 0.0 0.0 0.0 0.0 
0.0 0.0 0.0 0.0 0.0 0.7071067811865476 -0.7071067811865475 0.0 0.0 0.0 0.0 0.0 
0.0 0.0 0.0 0.0 0.0 0.0 0.0 1.0 0.0 0.0 0.0 0.0 
0.0 0.0 0.0 0.7071067811865476 0.0 0.0 0.0 0.0 0.7071067811865475 0.0 0.0 0.0 
0.0 0.0 0.0 0.7071067811865475 0.0 0.0 0.0 0.0 -0.7071067811865476 0.0 0.0 0.0 
0.0 0.0 0.0 0.0 0.0 0.0 0.0 0.0 0.0 0.0 1.0 0.0 
0.0 -0.9999999999999999 0.0 0.0 0.0 0.0 0.0 0.0 0.0 0.0 0.0 0.0 
-0.7071067811865476 0.0 0.0 0.0 0.0 0.0 0.0 -0.7071067811865474 0.0 0.0 0.0 0.0 
0.0 -0.7071067811865476 0.0 0.0 0.0 0.0 -0.7071067811865474 0.0 0.0 0.0 0.0 0.0 
0.0 0.0 0.0 0.7071067811865474 0.0 0.0 0.0 0.0 0.0 0.0 -0.7071067811865476 0.0 
0.0 0.0 0.0 0.0 -0.7071067811865476 0.0 0.0 0.0 0.0 0.7071067811865474 0.0 0.0 
0.0 0.0 0.0 0.0 0.0 -1.0 0.0 0.0 0.0 0.0 0.0 0.0 
0.0 0.0 0.0 0.0 0.0 0.0 0.0 0.0 1.0 0.0 0.0 0.0 
0.0 0.0 0.0 0.0 0.0 0.0 0.0 0.0 0.0 0.0 0.0 1.0 
0.0 0.0 1.0 0.0 0.0 0.0 0.0 0.0 0.0 0.0 0.0 0.0 
0.0 -0.7071067811865474 0.0 0.0 0.0 0.0 0.7071067811865476 0.0 0.0 0.0 0.0 0.0 
0.0 0.0 0.0 -0.7071067811865476 0.0 0.0 0.0 0.0 0.0 0.0 -0.7071067811865474 0.0 
-0.7071067811865474 0.0 0.0 0.0 0.0 0.0 0.0 0.7071067811865476 0.0 0.0 0.0 0.0 
0.0 0.0 0.0 0.0 -0.7071067811865474 0.0 0.0 0.0 0.0 -0.7071067811865476 0.0 0.0 
-0.816496580927726 0.0 0.0 0.0 0.0 0.0 0.0 -0.40824829046386296 0.0 0.0 0.0 -0.40824829046386296 
-0.5773502691896256 0.0 0.0 0.0 0.0 0.0 0.0 0.5773502691896258 0.0 0.0 0.0 0.5773502691896258 
0.5546347377792293 0.34857410220420626 0.0 0.0 0.0 -0.11167520915417559 0.46024931135838204 -0.29460715162294304 0.0 0.0 0.0 0.8492418894021722 
0.062204353992949026 0.5773502691896256 0.0 0.0 0.0 -0.5773502691896257 -0.5773502691896258 -0.062204353992948824 0.0 0.0 0.0 -0.06220435399294916 
0.2077805382004264 -0.1547923397982376 0.6833095282297662 -0.4100201715116088 0.4812589657645763 -0.004920063426924234 -0.14987227637131328 0.21838134004351537 0.20501008575580448 0.20205056246518965 0.20501008575580448 -0.010600801843088946 
0.003754551971087328 0.03484790777570709 0.5004481985672221 0.28789743639733134 -0.5004481985672224 -0.03484790777570714 -0.03484790777570705 -0.0037545519710872255 0.2878974363973313 -0.5004481985672223 0.2878974363973313 -0.00375455197108741 
-0.1923693141951813 0.5505004955810456 0.36577603256171587 -0.05959470300125294 0.6318622819392321 0.41568775536443014 0.13481274021661543 0.08271150156535757 0.19531079696792297 -0.2660862493775166 -0.13571609396666995 -0.27508081576053867 
0.0038635229486581055 -0.07171864576170699 -0.28276569362248244 0.5034003834154428 0.28276569362248266 0.07171864576170714 0.07171864576170683 -0.003863522948658198 0.5034003834154429 0.28276569362248255 0.5034003834154431 -0.0038635229486580257 
1.6733533421496447 0.5346958845188734 0.4668489478110577 0.5373592556981517 0.2046255384835178 -0.4869526418368807 1.021648526355754 0.010455447615057983 -0.45256214765092195 0.2622234093275393 -0.08479710804722909 1.662897894534586 
0.33590381344667486 -0.4918102105859738 1.2601228215483689 -1.5596741656031647 0.5017374303269455 -0.48124545369099814 -0.010564756894975269 0.5738751068924264 0.996582461583681 0.7583853912214229 0.5630917040194843 -0.23797129344575155 
-0.41048785101674135 -0.3597320365936657 0.1329909048821013 0.1115364364173524 -0.631900132392233 0.4260875301419061 -0.7858195667355719 0.5419471223545195 0.02135413889239722 0.7648910372743345 -0.13289057530974954 -0.9524349733712606 
-0.2549960214151226 -0.3808365281444289 0.09018678896865719 0.19340664971716992 -0.6908938379000171 0.07994704077867276 -0.4607835689231019 0.1497972180348863 0.6707940073587106 0.7810806268686744 -0.8642006570758802 -0.404793239450009 
