-1.220799623497E+03  1.710542792425E+04 -8.059154978795E+04  1.278676838578E+05
-2.614675103691E+02  4.254802204552E+03 -2.321185143327E+04  4.246511371611E+04
-3.077603794036E+02  4.909998512669E+03 -2.630291613469E+04  4.732609624572E+04
-1.572163099845E+02  2.663562534526E+03 -1.512905985167E+04  2.879970817040E+04
-1.078430926928E+02  1.889101076079E+03 -1.107969638790E+04  2.174218554707E+04
-6.380779532069E+01  1.164791184720E+03 -7.108452685294E+03  1.448434700342E+04
-3.891729607169E+01  7.363907638148E+02 -4.650662436190E+03  9.784124777295E+03
-2.291506230268E+01  4.487625884061E+02 -2.927362336907E+03  6.342456009743E+03
-1.389188417450E+01  2.796947097578E+02 -1.871417207590E+03  4.144088613488E+03
-5.904611235789E+00  1.239435881495E+02 -8.590394935245E+02  1.950613529220E+03
-1.174566379706E+00  2.461340269202E+01 -1.637334926357E+02  3.282452247799E+02
-4.995664283023E-02 -6.895812031277E-01  2.603337351863E+01 -1.461581600198E+02
 3.289656259389E-01 -9.783110600779E+00  9.877677581483E+01 -3.401276985495E+02
 3.297860007200E-01 -9.803634372150E+00  9.894788784721E+01 -3.406031210056E+02
 7.951050381199E-02 -3.045944641256E+00  3.812641400951E+01 -1.581318874228E+02
 2.657198542812E-01 -8.352661157370E+00  8.853784413501E+01 -3.177605498943E+02
 5.553779322339E-02 -2.047102135368E+00  2.548130528578E+01 -1.075690025444E+02
 4.515235681153E-02 -1.704391133315E+00  2.171157041207E+01 -9.374693431781E+01
-2.640040741766E+01  3.718511033955E+02 -1.762915828811E+03  2.818056586333E+03
-6.396618418847E+00  1.038913428890E+02 -5.664354395236E+02  1.037235553411E+03
-7.126711702611E+00  1.142227073331E+02 -6.151677284157E+02  1.113857951473E+03
-3.671936899537E+00  6.267004072335E+01 -3.587422420550E+02  6.887003936159E+02
-2.932472812435E+00  5.106997236625E+01 -2.980850317062E+02  5.829741649705E+02
-1.233620731259E+00  2.312693209791E+01 -1.448809271326E+02  3.029820511164E+02
-1.243443084997E+00  2.329567809055E+01 -1.458472952426E+02  3.048268244176E+02
-4.858800634001E-01  9.679436351665E+00 -6.426902294521E+01  1.419082811081E+02
-4.018372302206E-01  8.104635103585E+00 -5.443278151622E+01  1.214291760783E+02
-1.653188089174E-01  3.492551735732E+00 -2.445442131293E+01  5.647648559829E+01
-3.136632241916E-02  6.795985152356E-01 -4.764081109295E+00  1.053310910829E+01
-6.560812322476E-03  1.214889175475E-01 -5.783718008596E-01  6.912959294591E-02
 2.441641084938E-03 -9.454058274232E-02  1.149634423650E+00 -4.538288329177E+00
 1.500777686342E-02 -4.149871216319E-01  3.873517894187E+00 -1.225621352893E+01
-7.455180285586E-03  1.914462683600E-01 -1.583778426335E+00  4.113844528051E+00
 9.466081518301E-03 -2.908418704514E-01  2.998256720706E+00 -1.039685168023E+01
 8.416359875473E-04 -3.208928639662E-02  4.105435024508E-01 -1.770532372394E+00
 1.188060857910E-03 -4.353510087141E-02  5.366071594521E-01 -2.233380550410E+00
-2.640040741766E+01  3.718511033955E+02 -1.762915828811E+03  2.818056586333E+03
-6.396618418847E+00  1.038913428890E+02 -5.664354395236E+02  1.037235553411E+03
-7.126711702611E+00  1.142227073331E+02 -6.151677284157E+02  1.113857951473E+03
-3.671936899537E+00  6.267004072335E+01 -3.587422420550E+02  6.887003936159E+02
-2.932472812435E+00  5.106997236625E+01 -2.980850317062E+02  5.829741649705E+02
-1.233620731259E+00  2.312693209791E+01 -1.448809271326E+02  3.029820511164E+02
-1.243443084997E+00  2.329567809055E+01 -1.458472952426E+02  3.048268244176E+02
-4.858800634001E-01  9.679436351665E+00 -6.426902294521E+01  1.419082811081E+02
-4.018372302206E-01  8.104635103585E+00 -5.443278151622E+01  1.214291760783E+02
-1.653188089174E-01  3.492551735732E+00 -2.445442131293E+01  5.647648559829E+01
-3.136632241916E-02  6.795985152356E-01 -4.764081109295E+00  1.053310910829E+01
-6.560812322476E-03  1.214889175475E-01 -5.783718008596E-01  6.912959294591E-02
 2.441641084938E-03 -9.454058274232E-02  1.149634423650E+00 -4.538288329177E+00
 1.500777686342E-02 -4.149871216319E-01  3.873517894187E+00 -1.225621352893E+01
-7.455180285586E-03  1.914462683600E-01 -1.583778426335E+00  4.113844528051E+00
 9.466081518301E-03 -2.908418704514E-01  2.998256720706E+00 -1.039685168023E+01
 8.416359875473E-04 -3.208928639662E-02  4.105435024508E-01 -1.770532372394E+00
 1.188060857910E-03 -4.353510087141E-02  5.366071594521E-01 -2.233380550410E+00
 1.913005287213E-01  3.577967451169E+00 -5.120315574005E+01  1.467582738691E+02
-3.528731413544E+00  5.340443148930E+01 -2.736633405153E+02  4.778309542255E+02
-1.239807157134E+00  2.099505481913E+01 -1.206995590479E+02  2.371813117663E+02
-1.089045168902E+00  1.874351331409E+01 -1.094911037373E+02  2.185823251949E+02
-5.643327351964E-01  1.051239943985E+01 -6.645089969381E+01  1.435638054983E+02
-5.879127393100E-01  1.089942511243E+01 -6.856834856922E+01  1.474253704943E+02
-1.693024100132E-01  3.694290853728E+00 -2.723004393922E+01  6.836812270398E+01
-2.895000190984E-01  5.854258878882E+00 -4.016835091290E+01  9.420179911328E+01
-1.439047482788E-01  3.125731083891E+00 -2.312369711198E+01  5.871010942953E+01
-7.613385251401E-02  1.803862251258E+00 -1.452939006069E+01  4.008448952549E+01
-5.760889217102E-02  1.414786242927E+00 -1.180549578247E+01  3.372789258849E+01
-2.899785846575E-02  7.710221125070E-01 -6.977152755407E+00  2.165677237727E+01
-1.694344507044E-02  4.817472030965E-01 -4.663210195456E+00  1.548696644153E+01
-1.017912557744E-02  3.092770043329E-01 -3.197373474409E+00  1.133418846467E+01
-7.409646484984E-03  2.345076610684E-01 -2.524516994746E+00  9.315846693724E+00
-4.819365850126E-03  1.606944313883E-01 -1.823381303322E+00  7.095859744525E+00
-3.019875621191E-03  1.066888378489E-01 -1.283125764213E+00  5.294373478428E+00
-3.692291711568E-04  1.921390964266E-02 -3.208609408320E-01  1.765916309200E+00
-1.325045659370E+03  1.861274550376E+04 -8.797969567911E+04  1.401775028247E+05
-2.900489800707E+02  4.748523458209E+03 -2.607398054239E+04  4.803825229539E+04
-3.448254556365E+02  5.523784263241E+03 -2.973145132070E+04  5.378991218781E+04
-1.814863081942E+02  3.086397993541E+03 -1.760769871106E+04  3.368841521126E+04
-1.258117880520E+02  2.213083924632E+03 -1.304141402881E+04  2.572986310102E+04
-7.688860239078E+01  1.408367488257E+03 -8.629270390761E+03  1.766615050327E+04
-4.774333126771E+01  9.067317840719E+02 -5.751292731147E+03  1.216232020464E+04
-2.869719107894E+01  5.643888195522E+02 -3.700156554790E+03  8.065883596615E+03
-1.792964930002E+01  3.626348458871E+02 -2.440052821709E+03  5.442455481398E+03
-7.925181785033E+00  1.675475930843E+02 -1.171984877534E+03  2.694973383878E+03
-1.911264574765E+00  4.125618381496E+01 -2.879509986478E+02  6.322416827456E+02
-2.232681237257E-01  3.277108790494E+00 -3.114246951098E+00 -7.983448763527E+01
 3.076937438831E-01 -9.465332311198E+00  9.882013594664E+01 -3.516457965246E+02
 2.878306007735E-01 -8.958300867560E+00  9.450594465459E+01 -3.394097395828E+02
 2.393167688317E-01 -7.648058328065E+00  8.271045867165E+01 -3.040134279499E+02
 2.030888852679E-01 -6.615340219096E+00  7.289752974972E+01 -2.729325308554E+02
 9.302465093316E-02 -3.313348195931E+00  3.987698265567E+01 -1.628620278968E+02
 4.366839691747E-02 -1.684609032677E+00  2.196103417535E+01 -9.717085927199E+01
-2.716225637141E+01  3.825815514253E+02 -1.814682734673E+03  2.904091165718E+03
-6.125760726278E+00  1.007877027307E+02 -5.564287492052E+02  1.031323885893E+03
-7.299762940178E+00  1.174032812015E+02 -6.348152950842E+02  1.154590964095E+03
-3.918968791356E+00  6.695406905193E+01 -3.838759785629E+02  7.385254741089E+02
-2.892289776194E+00  5.084889386298E+01 -2.996638321042E+02  5.917469431653E+02
-1.599811742015E+00  2.958932031224E+01 -1.830997924282E+02  3.787107980028E+02
-1.174447847666E+00  2.226751521698E+01 -1.410896291623E+02  2.983638767778E+02
-6.739266144087E-01  1.327059583274E+01 -8.718279428727E+01  1.906993791928E+02
-3.783017636890E-01  7.731311799832E+00 -5.258529282071E+01  1.186692416448E+02
-2.191034584317E-01  4.626960843126E+00 -3.240711344167E+01  7.495006902058E+01
-3.183612382856E-02  6.943436913632E-01 -4.878774990811E+00  1.071724453208E+01
-2.240268432819E-02  4.820904494022E-01 -3.286858115579E+00  6.737380538920E+00
 2.501260719797E-02 -6.559169912949E-01  5.817525336180E+00 -1.754184013193E+01
-7.241607484866E-03  1.666112199587E-01 -1.174357029629E+00  2.269616306473E+00
 6.584265672837E-03 -2.066983484363E-01  2.185549234571E+00 -7.810526563293E+00
 6.765637096952E-03 -2.119168710639E-01  2.235581003840E+00 -7.970360028966E+00
 1.183670664496E-03 -4.446537952150E-02  5.611379800033E-01 -2.389112512379E+00
 1.507575678639E-03 -5.517261249366E-02  6.791225429347E-01 -2.822485088816E+00
-4.097297371266E+01  5.789632361202E+02 -2.757342685744E+03  4.435330847873E+03
-9.632988696841E+00  1.591476481450E+02 -8.827927243984E+02  1.645266858118E+03
-1.136465868530E+01  1.836542831394E+02 -9.983990407716E+02  1.827052163312E+03
-6.439696204459E+00  1.101614123442E+02 -6.328328054534E+02  1.220922527634E+03
-4.567634877737E+00  8.079563299051E+01 -4.792857330347E+02  9.533015830815E+02
-2.815166373722E+00  5.196943413774E+01 -3.212325717963E+02  6.644347722694E+02
-1.909870019422E+00  3.638738695851E+01 -2.318327426790E+02  4.934618665777E+02
-1.151249725992E+00  2.275155290830E+01 -1.501335709090E+02  3.302948787671E+02
-7.010378074573E-01  1.431555387947E+01 -9.744278785226E+01  2.205936775051E+02
-3.634235829129E-01  7.731990181325E+00 -5.464907248454E+01  1.278727874460E+02
-7.939505146563E-02  1.767441328779E+00 -1.289758989859E+01  3.045351683266E+01
-2.013857849586E-02  4.342289840216E-01 -2.898930478456E+00  5.457941040147E+00
-4.979272857848E-03  7.044305602559E-02  1.106605679330E-02 -2.301296336766E+00
 2.447235501721E-02 -6.805772810239E-01  6.394778852714E+00 -2.038861671904E+01
-1.148967926911E-02  2.904436281126E-01 -2.344831967740E+00  5.831510019720E+00
 1.666456231379E-02 -5.119634231533E-01  5.278160351482E+00 -1.830842351328E+01
 1.732748320880E-03 -6.408782686086E-02  8.001846698667E-01 -3.384412333461E+00
 1.314120698821E-03 -5.028716658433E-02  6.485289140076E-01 -2.828885547511E+00
 9.519355665528E-02  7.861798246016E+00 -8.767600075068E+01  2.360608008822E+02
-5.124921031025E+00  7.778005737069E+01 -3.998379712620E+02  7.006276306903E+02
-1.903697403325E+00  3.216982775067E+01 -1.845685820258E+02  3.619543490628E+02
-1.605933133283E+00  2.772426871626E+01 -1.624448681491E+02  3.252542244148E+02
-9.425835481237E-01  1.731831883878E+01 -1.080322494378E+02  2.304132175736E+02
-7.312140425281E-01  1.384042445649E+01 -8.895707101418E+01  1.955394401259E+02
-4.259175236097E-01  8.584808718988E+00 -5.879896652424E+01  1.378544046680E+02
-3.015118465587E-01  6.347597582633E+00 -4.538824551643E+01  1.110580532144E+02
-3.104542952815E-01  6.514289482860E+00 -4.642397255000E+01  1.132031597658E+02
-9.443678579092E-02  2.301549523062E+00 -1.903859810443E+01  5.386268062726E+01
-9.877964341152E-02  2.392761999896E+00 -1.967718425033E+01  5.535297244754E+01
-3.636883867473E-02  9.886123561510E-01 -9.146764349220E+00  2.902868240156E+01
-2.824129762006E-02  7.935890214798E-01 -7.586865815519E+00  2.486968653092E+01
-1.499878346044E-02  4.558810036737E-01 -4.716135064254E+00  1.673532042338E+01
-1.107850777959E-02  3.500345482777E-01 -3.763530270729E+00  1.387755919738E+01
-6.437046543178E-03  2.177225819491E-01 -2.506266821565E+00  9.895238563922E+00
-4.721060800416E-03  1.661846739487E-01 -1.990305027986E+00  8.173425685401E+00
-5.223425124870E-04  2.760582147331E-02 -4.657079164288E-01  2.582404566566E+00
-1.403606101700E+03  1.976574315796E+04 -9.374036924282E+04  1.500062516299E+05
-3.109376419455E+02  5.128938411335E+03 -2.838476419683E+04  5.273195757025E+04
-3.774033214567E+02  6.069647444474E+03 -3.282281673956E+04  5.971120869795E+04
-2.023659250029E+02  3.457675367690E+03 -1.983055278609E+04  3.816951922886E+04
-1.438119788782E+02  2.539176856122E+03 -1.502792115540E+04  2.979887991474E+04
-8.993300102743E+01  1.652935428900E+03 -1.016873698269E+04  2.091805544134E+04
-5.616543037618E+01  1.071738435466E+03 -6.834276866219E+03  1.454120367360E+04
-3.531654551472E+01  6.969881284774E+02 -4.588948755918E+03  1.005688694167E+04
-2.242089016565E+01  4.553563984898E+02 -3.079761349076E+03  6.914851744542E+03
-1.025366121913E+01  2.180938372301E+02 -1.537544490891E+03  3.573360130122E+03
-2.708553638637E+00  5.964728590412E+01 -4.284236291147E+02  9.854232125535E+02
-6.448633768340E-01  1.321521528925E+01 -8.019029330897E+01  1.148578368991E+02
 2.981972753936E-01 -9.417440528938E+00  1.008645752283E+02 -3.679381929762E+02
 2.906959314495E-01 -9.225548605773E+00  9.922833035050E+01 -3.632875401136E+02
 2.571715422362E-01 -8.319901113665E+00  9.107311713367E+01 -3.388087882863E+02
 2.514829318903E-01 -8.157432956236E+00  8.952641632489E+01 -3.339006095156E+02
 1.047806744091E-01 -3.756252471719E+00  4.551351867667E+01 -1.871874240040E+02
 5.389341954995E-02 -2.077003833314E+00  2.704211060489E+01 -1.194600842438E+02
-2.734593870369E+01  3.850115303429E+02 -1.826464980452E+03  2.925469844416E+03
-5.402886235547E+00  9.107398241309E+01 -5.139877138295E+02  9.719977571534E+02
-7.602231127568E+00  1.222058926760E+02 -6.608794365063E+02  1.203027556843E+03
-3.713019247997E+00  6.416986541414E+01 -3.722022929871E+02  7.243911017437E+02
-3.163249615336E+00  5.554455483578E+01 -3.270949968676E+02  6.457595391288E+02
-1.513249099936E+00  2.840495801627E+01 -1.782955345444E+02  3.738164723488E+02
-1.458135027145E+00  2.745604738038E+01 -1.728497010941E+02  3.633985856358E+02
-5.896611094408E-01  1.184606584763E+01 -7.932488201683E+01  1.766186409408E+02
-5.387597605387E-01  1.089217284558E+01 -7.336623997805E+01  1.642114863696E+02
-2.067907950936E-01  4.418921369239E+00 -3.129103725567E+01  7.305056641410E+01
-8.519011557086E-02  1.865323001228E+00 -1.341594278651E+01  3.134219208616E+01
 1.334411395242E-02 -3.517856078589E-01  3.213040381889E+00 -1.023195049578E+01
-1.163723795178E-02  2.476746796535E-01 -1.581906362631E+00  2.552617234538E+00
 2.407776071343E-02 -6.630641877045E-01  6.159417760920E+00 -1.938122820430E+01
-1.296475201433E-02  3.371098910597E-01 -2.842372904924E+00  7.624779186931E+00
 1.540515325555E-02 -4.714087119170E-01  4.838329916235E+00 -1.669674122620E+01
 7.202077196895E-04 -3.083604724498E-02  4.323682369273E-01 -2.009445364465E+00
 2.065590591617E-03 -7.523412739642E-02  9.207554652457E-01 -3.800241780178E+00
-5.784906173145E+01  8.196023516989E+02 -3.919769455609E+03  6.344177516648E+03
-1.259641271053E+01  2.134170225894E+02 -1.213035823220E+03  2.315483338328E+03
-1.635018971433E+01  2.665459953193E+02 -1.463689192888E+03  2.709663584154E+03
-9.723849168831E+00  1.676615970760E+02 -9.718078521217E+02  1.894074374770E+03
-7.081684732769E+00  1.262140945298E+02 -7.550796849566E+02  1.516318856912E+03
-4.633213186489E+00  8.593874846184E+01 -5.342476549448E+02  1.112707467186E+03
-3.182983443117E+00  6.097721859825E+01 -3.910340961039E+02  8.388178169064E+02
-1.862209389814E+00  3.723701211321E+01 -2.487949583667E+02  5.547432289883E+02
-1.438839787982E+00  2.930376421747E+01 -1.992429497394E+02  4.515739518927E+02
-6.156596010625E-01  1.325143813719E+01 -9.490082440671E+01  2.254950552893E+02
-1.943451487966E-01  4.403892809441E+00 -3.296841851423E+01  8.098707797422E+01
-7.436119092402E-02  1.704282713598E+00 -1.272155739672E+01  3.037045525656E+01
 1.485125847386E-02 -4.367875780094E-01  4.406765493868E+00 -1.530440329696E+01
 1.240747466250E-02 -3.743951611917E-01  3.875778017146E+00 -1.379807312675E+01
-1.487728223194E-02  3.623636324171E-01 -2.755684986666E+00  6.098219401295E+00
 2.847050541169E-02 -8.730552429990E-01  8.980865569796E+00 -3.106776680975E+01
 3.033400359904E-03 -1.099611185415E-01  1.350117970243E+00 -5.632598208185E+00
 1.030707793940E-03 -4.387767305006E-02  6.232554859572E-01 -2.967623980206E+00
-1.022066862064E-01  1.359193843608E+01 -1.312266043767E+02  3.373457298692E+02
-6.757636340927E+00  1.027347547892E+02 -5.292196080536E+02  9.296479461363E+02
-2.491495579193E+00  4.232976632427E+01 -2.441249600314E+02  4.811257320091E+02
-2.236219156394E+00  3.851777115298E+01 -2.251504146035E+02  4.496433326436E+02
-1.305203655951E+00  2.391306962339E+01 -1.487831637078E+02  3.165365075102E+02
-8.835022095268E-01  1.697546893430E+01 -1.107386708386E+02  2.469936405182E+02
-6.778612532838E-01  1.343511682989E+01 -9.042155039663E+01  2.081288161273E+02
-3.799449692809E-01  8.079279428114E+00 -5.832639688181E+01  1.440181244020E+02
-4.392633408035E-01  9.189723347899E+00 -6.525561166928E+01  1.584310253697E+02
-1.287229786177E-01  3.133733789916E+00 -2.588875483790E+01  7.312986782526E+01
-1.354858729384E-01  3.275650407579E+00 -2.688144445386E+01  7.544445362351E+01
-4.723155359894E-02  1.289824429485E+00 -1.198695912081E+01  3.820623392208E+01
-3.809893820104E-02  1.070559592865E+00 -1.023219315471E+01  3.352515665326E+01
-2.093432661111E-02  6.328659902018E-01 -6.511829289629E+00  2.298420949982E+01
-1.449529329397E-02  4.589893321628E-01 -4.946722091785E+00  1.828819873218E+01
-8.738682056099E-03  2.949274108200E-01 -3.388155454488E+00  1.335282951898E+01
-6.219752466381E-03  2.193807144203E-01 -2.632900936453E+00  1.083602438889E+01
-8.644579733143E-04  4.265780649635E-02 -6.889697340104E-01  3.708356050536E+00
-1.325045659370E+03  1.861274550376E+04 -8.797969567911E+04  1.401775028247E+05
-2.900489800707E+02  4.748523458209E+03 -2.607398054239E+04  4.803825229539E+04
-3.448254556365E+02  5.523784263241E+03 -2.973145132070E+04  5.378991218781E+04
-1.814863081942E+02  3.086397993541E+03 -1.760769871106E+04  3.368841521126E+04
-1.258117880520E+02  2.213083924632E+03 -1.304141402881E+04  2.572986310102E+04
-7.688860239078E+01  1.408367488257E+03 -8.629270390761E+03  1.766615050327E+04
-4.774333126771E+01  9.067317840719E+02 -5.751292731147E+03  1.216232020464E+04
-2.869719107894E+01  5.643888195522E+02 -3.700156554790E+03  8.065883596615E+03
-1.792964930002E+01  3.626348458871E+02 -2.440052821709E+03  5.442455481398E+03
-7.925181785033E+00  1.675475930843E+02 -1.171984877534E+03  2.694973383878E+03
-1.911264574765E+00  4.125618381496E+01 -2.879509986478E+02  6.322416827456E+02
-2.232681237257E-01  3.277108790494E+00 -3.114246951098E+00 -7.983448763527E+01
 3.076937438831E-01 -9.465332311198E+00  9.882013594664E+01 -3.516457965246E+02
 2.878306007735E-01 -8.958300867560E+00  9.450594465459E+01 -3.394097395828E+02
 2.393167688317E-01 -7.648058328065E+00  8.271045867165E+01 -3.040134279499E+02
 2.030888852679E-01 -6.615340219096E+00  7.289752974972E+01 -2.729325308554E+02
 9.302465093316E-02 -3.313348195931E+00  3.987698265567E+01 -1.628620278968E+02
 4.366839691747E-02 -1.684609032677E+00  2.196103417535E+01 -9.717085927199E+01
-4.097297371266E+01  5.789632361202E+02 -2.757342685744E+03  4.435330847873E+03
-9.632988696841E+00  1.591476481450E+02 -8.827927243984E+02  1.645266858118E+03
-1.136465868530E+01  1.836542831394E+02 -9.983990407716E+02  1.827052163312E+03
-6.439696204459E+00  1.101614123442E+02 -6.328328054534E+02  1.220922527634E+03
-4.567634877737E+00  8.079563299051E+01 -4.792857330347E+02  9.533015830815E+02
-2.815166373722E+00  5.196943413774E+01 -3.212325717963E+02  6.644347722694E+02
-1.909870019422E+00  3.638738695851E+01 -2.318327426790E+02  4.934618665777E+02
-1.151249725992E+00  2.275155290830E+01 -1.501335709090E+02  3.302948787671E+02
-7.010378074573E-01  1.431555387947E+01 -9.744278785226E+01  2.205936775051E+02
-3.634235829129E-01  7.731990181325E+00 -5.464907248454E+01  1.278727874460E+02
-7.939505146563E-02  1.767441328779E+00 -1.289758989859E+01  3.045351683266E+01
-2.013857849586E-02  4.342289840216E-01 -2.898930478456E+00  5.457941040147E+00
-4.979272857848E-03  7.044305602559E-02  1.106605679330E-02 -2.301296336766E+00
 2.447235501721E-02 -6.805772810239E-01  6.394778852714E+00 -2.038861671904E+01
-1.148967926911E-02  2.904436281126E-01 -2.344831967740E+00  5.831510019720E+00
 1.666456231379E-02 -5.119634231533E-01  5.278160351482E+00 -1.830842351328E+01
 1.732748320880E-03 -6.408782686086E-02  8.001846698667E-01 -3.384412333461E+00
 1.314120698821E-03 -5.028716658433E-02  6.485289140076E-01 -2.828885547511E+00
-2.716225637141E+01  3.825815514253E+02 -1.814682734673E+03  2.904091165718E+03
-6.125760726278E+00  1.007877027307E+02 -5.564287492052E+02  1.031323885893E+03
-7.299762940178E+00  1.174032812015E+02 -6.348152950842E+02  1.154590964095E+03
-3.918968791356E+00  6.695406905193E+01 -3.838759785629E+02  7.385254741089E+02
-2.892289776194E+00  5.084889386298E+01 -2.996638321042E+02  5.917469431653E+02
-1.599811742015E+00  2.958932031224E+01 -1.830997924282E+02  3.787107980028E+02
-1.174447847666E+00  2.226751521698E+01 -1.410896291623E+02  2.983638767778E+02
-6.739266144087E-01  1.327059583274E+01 -8.718279428727E+01  1.906993791928E+02
-3.783017636890E-01  7.731311799832E+00 -5.258529282071E+01  1.186692416448E+02
-2.191034584317E-01  4.626960843126E+00 -3.240711344167E+01  7.495006902058E+01
-3.183612382856E-02  6.943436913632E-01 -4.878774990811E+00  1.071724453208E+01
-2.240268432819E-02  4.820904494022E-01 -3.286858115579E+00  6.737380538920E+00
 2.501260719797E-02 -6.559169912949E-01  5.817525336180E+00 -1.754184013193E+01
-7.241607484866E-03  1.666112199587E-01 -1.174357029629E+00  2.269616306473E+00
 6.584265672837E-03 -2.066983484363E-01  2.185549234571E+00 -7.810526563293E+00
 6.765637096952E-03 -2.119168710639E-01  2.235581003840E+00 -7.970360028966E+00
 1.183670664496E-03 -4.446537952150E-02  5.611379800033E-01 -2.389112512379E+00
 1.507575678639E-03 -5.517261249366E-02  6.791225429347E-01 -2.822485088816E+00
 9.519355665528E-02  7.861798246016E+00 -8.767600075068E+01  2.360608008822E+02
-5.124921031025E+00  7.778005737069E+01 -3.998379712620E+02  7.006276306903E+02
-1.903697403325E+00  3.216982775067E+01 -1.845685820258E+02  3.619543490628E+02
-1.605933133283E+00  2.772426871626E+01 -1.624448681491E+02  3.252542244148E+02
-9.425835481237E-01  1.731831883878E+01 -1.080322494378E+02  2.304132175736E+02
-7.312140425281E-01  1.384042445649E+01 -8.895707101418E+01  1.955394401259E+02
-4.259175236097E-01  8.584808718988E+00 -5.879896652424E+01  1.378544046680E+02
-3.015118465587E-01  6.347597582633E+00 -4.538824551643E+01  1.110580532144E+02
-3.104542952815E-01  6.514289482860E+00 -4.642397255000E+01  1.132031597658E+02
-9.443678579092E-02  2.301549523062E+00 -1.903859810443E+01  5.386268062726E+01
-9.877964341152E-02  2.392761999896E+00 -1.967718425033E+01  5.535297244754E+01
-3.636883867473E-02  9.886123561510E-01 -9.146764349220E+00  2.902868240156E+01
-2.824129762006E-02  7.935890214798E-01 -7.586865815519E+00  2.486968653092E+01
-1.499878346044E-02  4.558810036737E-01 -4.716135064254E+00  1.673532042338E+01
-1.107850777959E-02  3.500345482777E-01 -3.763530270729E+00  1.387755919738E+01
-6.437046543178E-03  2.177225819491E-01 -2.506266821565E+00  9.895238563922E+00
-4.721060800416E-03  1.661846739487E-01 -1.990305027986E+00  8.173425685401E+00
-5.223425124870E-04  2.760582147331E-02 -4.657079164288E-01  2.582404566566E+00
-1.435368152175E+03  2.019507512094E+04 -9.567757308865E+04  1.529207877407E+05
-3.098761224693E+02  5.118597393997E+03 -2.835882259040E+04  5.272467059007E+04
-3.810658508923E+02  6.126189836992E+03 -3.311252181203E+04  6.020047155007E+04
-2.042664608473E+02  3.487926946065E+03 -1.998949556364E+04  3.844199179346E+04
-1.443547292390E+02  2.548133100806E+03 -1.507553285763E+04  2.987734118033E+04
-9.005501850925E+01  1.654972838720E+03 -1.017842258327E+04  2.092721847236E+04
-5.691266456729E+01  1.084536753304E+03 -6.905699473748E+03  1.466843153055E+04
-3.488284927493E+01  6.885609591686E+02 -4.533205763562E+03  9.930157764012E+03
-2.250408342180E+01  4.566149876458E+02 -3.084517361178E+03  6.914085129335E+03
-1.017751367692E+01  2.162458768065E+02 -1.522111781568E+03  3.528859578645E+03
-2.756226329496E+00  6.039975821469E+01 -4.311953906351E+02  9.834030929429E+02
-4.455207247248E-01  8.409912798293E+00 -4.127925774189E+01  8.631973903463E+00
 2.141536955824E-01 -7.421457844514E+00  8.536520211178E+01 -3.290692869835E+02
 3.659245550559E-01 -1.129100188474E+01  1.182511264588E+02 -4.222313661014E+02
 2.739035140322E-01 -8.806002309216E+00  9.588225549273E+01 -3.551131541175E+02
 2.249442196340E-01 -7.410380593534E+00  8.262118292332E+01 -3.131113495138E+02
 1.213140240091E-01 -4.301375496280E+00  5.153016347486E+01 -2.094714691297E+02
 5.111713305438E-02 -1.984900701056E+00  2.604918430170E+01 -1.160420865863E+02
-4.060897448425E+01  5.729638092337E+02 -2.726047675578E+03  4.383568901399E+03
-8.160916418048E+00  1.383054589472E+02 -7.852242058353E+02  1.494866952071E+03
-1.110833424448E+01  1.800246290863E+02 -9.820621264060E+02  1.804438492607E+03
-6.259974083170E+00  1.076744539079E+02 -6.221778413849E+02  1.207726506506E+03
-4.516496492685E+00  8.032503799841E+01 -4.791705060131E+02  9.584696312308E+02
-3.018926891539E+00  5.569131498421E+01 -3.441027533659E+02  7.116089768706E+02
-1.914938704500E+00  3.668988397933E+01 -2.350876221316E+02  5.031282824267E+02
-1.211054464161E+00  2.403806611942E+01 -1.592851576314E+02  3.517399428515E+02
-8.314223767944E-01  1.692482493387E+01 -1.148577585552E+02  2.592460673803E+02
-3.815322261990E-01  8.151925154632E+00 -5.783365765483E+01  1.356933445931E+02
-1.102863582197E-01  2.455779234228E+00 -1.796074588715E+01  4.265677960222E+01
-2.464179456553E-02  5.287677678025E-01 -3.508096930501E+00  6.525007122204E+00
 1.246323738979E-03 -9.245145093491E-02  1.460887316740E+00 -6.723553428440E+00
 2.123038833129E-02 -6.019556490386E-01  5.790922139060E+00 -1.898988477293E+01
-1.012307340928E-02  2.446003234224E-01 -1.828186885482E+00  3.867736287488E+00
 1.860765662308E-02 -5.741809263182E-01  5.949794011471E+00 -2.076108410597E+01
 2.425811631286E-03 -8.865532250665E-02  1.093848122684E+00 -4.572340607460E+00
 1.647150889276E-03 -6.296920875128E-02  8.114128982368E-01 -3.537175455327E+00
-4.060897448425E+01  5.729638092337E+02 -2.726047675578E+03  4.383568901399E+03
-8.160916418048E+00  1.383054589472E+02 -7.852242058353E+02  1.494866952071E+03
-1.110833424448E+01  1.800246290863E+02 -9.820621264060E+02  1.804438492607E+03
-6.259974083170E+00  1.076744539079E+02 -6.221778413849E+02  1.207726506506E+03
-4.516496492685E+00  8.032503799841E+01 -4.791705060131E+02  9.584696312308E+02
-3.018926891539E+00  5.569131498421E+01 -3.441027533659E+02  7.116089768706E+02
-1.914938704500E+00  3.668988397933E+01 -2.350876221316E+02  5.031282824267E+02
-1.211054464161E+00  2.403806611942E+01 -1.592851576314E+02  3.517399428515E+02
-8.314223767944E-01  1.692482493387E+01 -1.148577585552E+02  2.592460673803E+02
-3.815322261990E-01  8.151925154632E+00 -5.783365765483E+01  1.356933445931E+02
-1.102863582197E-01  2.455779234228E+00 -1.796074588715E+01  4.265677960222E+01
-2.464179456553E-02  5.287677678025E-01 -3.508096930501E+00  6.525007122204E+00
 1.246323738979E-03 -9.245145093491E-02  1.460887316740E+00 -6.723553428440E+00
 2.123038833129E-02 -6.019556490386E-01  5.790922139060E+00 -1.898988477293E+01
-1.012307340928E-02  2.446003234224E-01 -1.828186885482E+00  3.867736287488E+00
 1.860765662308E-02 -5.741809263182E-01  5.949794011471E+00 -2.076108410597E+01
 2.425811631286E-03 -8.865532250665E-02  1.093848122684E+00 -4.572340607460E+00
 1.647150889276E-03 -6.296920875128E-02  8.114128982368E-01 -3.537175455327E+00
 3.125290765884E-02  1.274704382963E+01 -1.330101960140E+02  3.515428921096E+02
-7.264435770759E+00  1.104653553827E+02 -5.692893035634E+02  1.000822373994E+03
-2.746387330513E+00  4.649278966316E+01 -2.673530457230E+02  5.257985625028E+02
-2.288084990769E+00  3.965066760433E+01 -2.333038064928E+02  4.693176295303E+02
-1.369187278732E+00  2.523572133894E+01 -1.579270432712E+02  3.379342164378E+02
-1.132643392588E+00  2.134339453360E+01 -1.365776864088E+02  2.989006506001E+02
-5.582268303546E-01  1.145604823020E+01 -7.984788682245E+01  1.904027175327E+02
-5.096863183014E-01  1.058273826385E+01 -7.461056758246E+01  1.799332100590E+02
-4.470947295271E-01  9.409374261387E+00 -6.727847140327E+01  1.646609906741E+02
-1.443736343218E-01  3.505910512673E+00 -2.890334742758E+01  8.150924744446E+01
-1.429677833042E-01  3.476271920145E+00 -2.869507502586E+01  8.102142476726E+01
-6.137569031944E-02  1.640428586484E+00 -1.492608891042E+01  4.659855219194E+01
-3.665611435256E-02  1.047125690339E+00 -1.017939053409E+01  3.393992763950E+01
-2.582836647725E-02  7.709285270942E-01 -7.830946025999E+00  2.728380370128E+01
-1.424183338159E-02  4.580308135192E-01 -5.014331329383E+00  1.883240360457E+01
-1.060964122099E-02  3.544949615510E-01 -4.030565591958E+00  1.571658898547E+01
-6.831837390254E-03  2.411588907710E-01 -2.897180530017E+00  1.193854161333E+01
-9.365103892358E-04  4.661961558365E-02 -7.573225338972E-01  4.092675715321E+00
-1.513656177321E+03  2.133291052533E+04 -1.013157972850E+05  1.624827000319E+05
-3.211874760886E+02  5.359212510474E+03 -2.999065637349E+04  5.632329042050E+04
-4.097051945426E+02  6.612087758389E+03 -3.590170631599E+04  6.561938663693E+04
-2.235889619075E+02  3.834771554282E+03 -2.208689316041E+04  4.271369998226E+04
-1.612792342170E+02  2.857343455224E+03 -1.697605303604E+04  3.380573952206E+04
-1.024291146390E+02  1.889324803830E+03 -1.166844667599E+04  2.410528036280E+04
-6.617255262461E+01  1.265281473340E+03 -8.088129619308E+03  1.725817761744E+04
-4.151619600156E+01  8.220911610591E+02 -5.432727734972E+03  1.195484453239E+04
-2.693787546580E+01  5.489292374953E+02 -3.726600258872E+03  8.402775158283E+03
-1.281245428176E+01  2.734813941765E+02 -1.936175638352E+03  4.523492712458E+03
-3.731908743109E+00  8.279071454092E+01 -6.013463766179E+02  1.408904062707E+03
-8.561871572066E-01  1.808803822336E+01 -1.160842373756E+02  1.957685171996E+02
 1.665906207329E-01 -6.457742528518E+00  8.027493743587E+01 -3.278371354770E+02
 4.005301830330E-01 -1.242251839602E+01  1.309697423785E+02 -4.714560547600E+02
 2.455962791903E-01 -8.238807324023E+00  9.331189081232E+01 -3.584691715947E+02
 3.210323627790E-01 -1.038830461318E+01  1.137280184743E+02 -4.231072662040E+02
 1.296596032208E-01 -4.646939782786E+00  5.631259677243E+01 -2.317167726665E+02
 6.296697544963E-02 -2.446125039895E+00  3.210408666407E+01 -1.429538578010E+02
-3.880296710237E+01  5.464534018902E+02 -2.596448920361E+03  4.172795726110E+03
-6.364105903376E+00  1.119184382580E+02 -6.561772401333E+02  1.284916314244E+03
-1.025307524932E+01  1.669679808875E+02 -9.159250604379E+02  1.693451164730E+03
-5.761128401919E+00  9.993542160388E+01 -5.824866931329E+02  1.140580027447E+03
-4.615296442399E+00  8.195964207747E+01 -4.884856384817E+02  9.767264559684E+02
-2.648325602586E+00  4.960552816234E+01 -3.110912869791E+02  6.525147045898E+02
-2.194530880144E+00  4.179410146271E+01 -2.662705045812E+02  5.667898700043E+02
-1.134446469817E+00  2.273983551170E+01 -1.521082058171E+02  3.387914196062E+02
-9.074019182235E-01  1.848515948291E+01 -1.255315330167E+02  2.834546982479E+02
-4.154091155098E-01  8.891041110069E+00 -6.316811843996E+01  1.483304813062E+02
-1.339413970250E-01  2.980293318226E+00 -2.179339773358E+01  5.179065072158E+01
-1.690475071435E-02  3.470545000896E-01 -2.044763435126E+00  2.420741841026E+00
-1.333658416983E-02  2.614825268011E-01 -1.360684375531E+00  5.978143839261E-01
 3.015642502946E-02 -8.476581009714E-01  8.067598116482E+00 -2.611732071613E+01
-1.318451539363E-02  3.225083455350E-01 -2.463560065084E+00  5.475166319373E+00
 2.321477332446E-02 -7.149150838575E-01  7.392390044420E+00 -2.573673538291E+01
 2.623879554185E-03 -9.724346325245E-02  1.216218595866E+00 -5.151289187603E+00
 2.088183617728E-03 -7.957533857811E-02  1.021973891059E+00 -4.439429228889E+00
-5.464287405657E+01  7.719931731837E+02 -3.683908746187E+03  5.954479103831E+03
-9.229270799268E+00  1.636529612158E+02 -9.675584598336E+02  1.911479414349E+03
-1.477287165989E+01  2.421233359131E+02 -1.337811423369E+03  2.493811077393E+03
-8.892355099201E+00  1.543680036163E+02 -9.012854207964E+02  1.769999896306E+03
-6.624932886416E+00  1.187981276146E+02 -7.152863514596E+02  1.445796427722E+03
-4.557314978623E+00  8.478666765544E+01 -5.287949624169E+02  1.104940530456E+03
-3.062019363945E+00  5.904913628245E+01 -3.811273396372E+02  8.225291179005E+02
-2.081406034475E+00  4.142268235010E+01 -2.755159775500E+02  6.116008079027E+02
-1.369635985279E+00  2.808595124582E+01 -1.922173600527E+02  4.381785226637E+02
-6.686890777512E-01  1.441736394805E+01 -1.033707419163E+02  2.456757736278E+02
-2.484943728446E-01  5.593302420821E+00 -4.160251778566E+01  1.015504357651E+02
-4.304561569711E-02  9.708315949366E-01 -6.934937492114E+00  1.488387309789E+01
-2.417741909240E-02  5.180482028797E-01 -3.313077497892E+00  5.226613574145E+00
 3.926071842239E-02 -1.099560789621E+00  1.043604376082E+01 -3.372761361803E+01
-2.413148871461E-02  6.121028693763E-01 -4.969583355985E+00  1.249119305734E+01
 3.440908034745E-02 -1.056325550303E+00  1.088069806180E+01 -3.770203593514E+01
 3.834504548249E-03 -1.390794024161E-01  1.708146445268E+00 -7.126558759317E+00
 1.386260540611E-03 -5.828399388010E-02  8.193664246195E-01 -3.867610190877E+00
-1.411166369626E-01  1.863460902627E+01 -1.806173494887E+02  4.668907620923E+02
-9.032461603942E+00  1.377248354245E+02 -7.123136585335E+02  1.258170480482E+03
-3.462222803598E+00  5.885428405669E+01 -3.400637623406E+02  6.725275038083E+02
-2.863867279753E+00  4.992125172302E+01 -2.956091597228E+02  5.987858650246E+02
-1.921256286187E+00  3.513313003310E+01 -2.182748789404E+02  4.639797458258E+02
-1.263651607373E+00  2.431431175638E+01 -1.589450273668E+02  3.555258387478E+02
-9.201720195398E-01  1.840074478141E+01 -1.250077784841E+02  2.906052762647E+02
-5.989142443135E-01  1.262487646923E+01 -9.039315905232E+01  2.214571395054E+02
-5.919229144143E-01  1.249236060962E+01 -8.955600781692E+01  2.196944774247E+02
-2.176378231868E-01  5.192910133790E+00 -4.210383848537E+01  1.168691161949E+02
-1.743752879749E-01  4.284242021876E+00 -3.574207363916E+01  1.020224501776E+02
-9.678642442385E-02  2.538374079765E+00 -2.264718323397E+01  6.928304207174E+01
-4.244275227251E-02  1.234021935181E+00 -1.221152777883E+01  4.145237554256E+01
-3.546977615354E-02  1.056055499057E+00 -1.069748816222E+01  3.715883485229E+01
-1.952909335540E-02  6.255512569935E-01 -6.822009535382E+00  2.552961305805E+01
-1.377414445852E-02  4.615106667948E-01 -5.263395295706E+00  2.059329173610E+01
-8.956121519831E-03  3.169613452965E-01 -3.817818028161E+00  1.577442827180E+01
-1.544180468732E-03  7.237898572363E-02 -1.127542025557E+00  5.910564212450E+00
-1.403606101700E+03  1.976574315796E+04 -9.374036924282E+04  1.500062516299E+05
-3.109376419455E+02  5.128938411335E+03 -2.838476419683E+04  5.273195757025E+04
-3.774033214567E+02  6.069647444474E+03 -3.282281673956E+04  5.971120869795E+04
-2.023659250029E+02  3.457675367690E+03 -1.983055278609E+04  3.816951922886E+04
-1.438119788782E+02  2.539176856122E+03 -1.502792115540E+04  2.979887991474E+04
-8.993300102743E+01  1.652935428900E+03 -1.016873698269E+04  2.091805544134E+04
-5.616543037618E+01  1.071738435466E+03 -6.834276866219E+03  1.454120367360E+04
-3.531654551472E+01  6.969881284774E+02 -4.588948755918E+03  1.005688694167E+04
-2.242089016565E+01  4.553563984898E+02 -3.079761349076E+03  6.914851744542E+03
-1.025366121913E+01  2.180938372301E+02 -1.537544490891E+03  3.573360130122E+03
-2.708553638637E+00  5.964728590412E+01 -4.284236291147E+02  9.854232125535E+02
-6.448633768340E-01  1.321521528925E+01 -8.019029330897E+01  1.148578368991E+02
 2.981972753936E-01 -9.417440528938E+00  1.008645752283E+02 -3.679381929762E+02
 2.906959314495E-01 -9.225548605773E+00  9.922833035050E+01 -3.632875401136E+02
 2.571715422362E-01 -8.319901113665E+00  9.107311713367E+01 -3.388087882863E+02
 2.514829318903E-01 -8.157432956236E+00  8.952641632489E+01 -3.339006095156E+02
 1.047806744091E-01 -3.756252471719E+00  4.551351867667E+01 -1.871874240040E+02
 5.389341954995E-02 -2.077003833314E+00  2.704211060489E+01 -1.194600842438E+02
-5.784906173145E+01  8.196023516989E+02 -3.919769455609E+03  6.344177516648E+03
-1.259641271053E+01  2.134170225894E+02 -1.213035823220E+03  2.315483338328E+03
-1.635018971433E+01  2.665459953193E+02 -1.463689192888E+03  2.709663584154E+03
-9.723849168831E+00  1.676615970760E+02 -9.718078521217E+02  1.894074374770E+03
-7.081684732769E+00  1.262140945298E+02 -7.550796849566E+02  1.516318856912E+03
-4.633213186489E+00  8.593874846184E+01 -5.342476549448E+02  1.112707467186E+03
-3.182983443117E+00  6.097721859825E+01 -3.910340961039E+02  8.388178169064E+02
-1.862209389814E+00  3.723701211321E+01 -2.487949583667E+02  5.547432289883E+02
-1.438839787982E+00  2.930376421747E+01 -1.992429497394E+02  4.515739518927E+02
-6.156596010625E-01  1.325143813719E+01 -9.490082440671E+01  2.254950552893E+02
-1.943451487966E-01  4.403892809441E+00 -3.296841851423E+01  8.098707797422E+01
-7.436119092402E-02  1.704282713598E+00 -1.272155739672E+01  3.037045525656E+01
 1.485125847386E-02 -4.367875780094E-01  4.406765493868E+00 -1.530440329696E+01
 1.240747466250E-02 -3.743951611917E-01  3.875778017146E+00 -1.379807312675E+01
-1.487728223194E-02  3.623636324171E-01 -2.755684986666E+00  6.098219401295E+00
 2.847050541169E-02 -8.730552429990E-01  8.980865569796E+00 -3.106776680975E+01
 3.033400359904E-03 -1.099611185415E-01  1.350117970243E+00 -5.632598208185E+00
 1.030707793940E-03 -4.387767305006E-02  6.232554859572E-01 -2.967623980206E+00
-2.734593870369E+01  3.850115303429E+02 -1.826464980452E+03  2.925469844416E+03
-5.402886235547E+00  9.107398241309E+01 -5.139877138295E+02  9.719977571534E+02
-7.602231127568E+00  1.222058926760E+02 -6.608794365063E+02  1.203027556843E+03
-3.713019247997E+00  6.416986541414E+01 -3.722022929871E+02  7.243911017437E+02
-3.163249615336E+00  5.554455483578E+01 -3.270949968676E+02  6.457595391288E+02
-1.513249099936E+00  2.840495801627E+01 -1.782955345444E+02  3.738164723488E+02
-1.458135027145E+00  2.745604738038E+01 -1.728497010941E+02  3.633985856358E+02
-5.896611094408E-01  1.184606584763E+01 -7.932488201683E+01  1.766186409408E+02
-5.387597605387E-01  1.089217284558E+01 -7.336623997805E+01  1.642114863696E+02
-2.067907950936E-01  4.418921369239E+00 -3.129103725567E+01  7.305056641410E+01
-8.519011557086E-02  1.865323001228E+00 -1.341594278651E+01  3.134219208616E+01
 1.334411395242E-02 -3.517856078589E-01  3.213040381889E+00 -1.023195049578E+01
-1.163723795178E-02  2.476746796535E-01 -1.581906362631E+00  2.552617234538E+00
 2.407776071343E-02 -6.630641877045E-01  6.159417760920E+00 -1.938122820430E+01
-1.296475201433E-02  3.371098910597E-01 -2.842372904924E+00  7.624779186931E+00
 1.540515325555E-02 -4.714087119170E-01  4.838329916235E+00 -1.669674122620E+01
 7.202077196895E-04 -3.083604724498E-02  4.323682369273E-01 -2.009445364465E+00
 2.065590591617E-03 -7.523412739642E-02  9.207554652457E-01 -3.800241780178E+00
-1.022066862064E-01  1.359193843608E+01 -1.312266043767E+02  3.373457298692E+02
-6.757636340927E+00  1.027347547892E+02 -5.292196080536E+02  9.296479461363E+02
-2.491495579193E+00  4.232976632427E+01 -2.441249600314E+02  4.811257320091E+02
-2.236219156394E+00  3.851777115298E+01 -2.251504146035E+02  4.496433326436E+02
-1.305203655951E+00  2.391306962339E+01 -1.487831637078E+02  3.165365075102E+02
-8.835022095268E-01  1.697546893430E+01 -1.107386708386E+02  2.469936405182E+02
-6.778612532838E-01  1.343511682989E+01 -9.042155039663E+01  2.081288161273E+02
-3.799449692809E-01  8.079279428114E+00 -5.832639688181E+01  1.440181244020E+02
-4.392633408035E-01  9.189723347899E+00 -6.525561166928E+01  1.584310253697E+02
-1.287229786177E-01  3.133733789916E+00 -2.588875483790E+01  7.312986782526E+01
-1.354858729384E-01  3.275650407579E+00 -2.688144445386E+01  7.544445362351E+01
-4.723155359894E-02  1.289824429485E+00 -1.198695912081E+01  3.820623392208E+01
-3.809893820104E-02  1.070559592865E+00 -1.023219315471E+01  3.352515665326E+01
-2.093432661111E-02  6.328659902018E-01 -6.511829289629E+00  2.298420949982E+01
-1.449529329397E-02  4.589893321628E-01 -4.946722091785E+00  1.828819873218E+01
-8.738682056099E-03  2.949274108200E-01 -3.388155454488E+00  1.335282951898E+01
-6.219752466381E-03  2.193807144203E-01 -2.632900936453E+00  1.083602438889E+01
-8.644579733143E-04  4.265780649635E-02 -6.889697340104E-01  3.708356050536E+00
-1.513656177321E+03  2.133291052533E+04 -1.013157972850E+05  1.624827000319E+05
-3.211874760886E+02  5.359212510474E+03 -2.999065637349E+04  5.632329042050E+04
-4.097051945426E+02  6.612087758389E+03 -3.590170631599E+04  6.561938663693E+04
-2.235889619075E+02  3.834771554282E+03 -2.208689316041E+04  4.271369998226E+04
-1.612792342170E+02  2.857343455224E+03 -1.697605303604E+04  3.380573952206E+04
-1.024291146390E+02  1.889324803830E+03 -1.166844667599E+04  2.410528036280E+04
-6.617255262461E+01  1.265281473340E+03 -8.088129619308E+03  1.725817761744E+04
-4.151619600156E+01  8.220911610591E+02 -5.432727734972E+03  1.195484453239E+04
-2.693787546580E+01  5.489292374953E+02 -3.726600258872E+03  8.402775158283E+03
-1.281245428176E+01  2.734813941765E+02 -1.936175638352E+03  4.523492712458E+03
-3.731908743109E+00  8.279071454092E+01 -6.013463766179E+02  1.408904062707E+03
-8.561871572066E-01  1.808803822336E+01 -1.160842373756E+02  1.957685171996E+02
 1.665906207329E-01 -6.457742528518E+00  8.027493743587E+01 -3.278371354770E+02
 4.005301830330E-01 -1.242251839602E+01  1.309697423785E+02 -4.714560547600E+02
 2.455962791903E-01 -8.238807324023E+00  9.331189081232E+01 -3.584691715947E+02
 3.210323627790E-01 -1.038830461318E+01  1.137280184743E+02 -4.231072662040E+02
 1.296596032208E-01 -4.646939782786E+00  5.631259677243E+01 -2.317167726665E+02
 6.296697544963E-02 -2.446125039895E+00  3.210408666407E+01 -1.429538578010E+02
-5.464287405657E+01  7.719931731837E+02 -3.683908746187E+03  5.954479103831E+03
-9.229270799268E+00  1.636529612158E+02 -9.675584598336E+02  1.911479414349E+03
-1.477287165989E+01  2.421233359131E+02 -1.337811423369E+03  2.493811077393E+03
-8.892355099201E+00  1.543680036163E+02 -9.012854207964E+02  1.769999896306E+03
-6.624932886416E+00  1.187981276146E+02 -7.152863514596E+02  1.445796427722E+03
-4.557314978623E+00  8.478666765544E+01 -5.287949624169E+02  1.104940530456E+03
-3.062019363945E+00  5.904913628245E+01 -3.811273396372E+02  8.225291179005E+02
-2.081406034475E+00  4.142268235010E+01 -2.755159775500E+02  6.116008079027E+02
-1.369635985279E+00  2.808595124582E+01 -1.922173600527E+02  4.381785226637E+02
-6.686890777512E-01  1.441736394805E+01 -1.033707419163E+02  2.456757736278E+02
-2.484943728446E-01  5.593302420821E+00 -4.160251778566E+01  1.015504357651E+02
-4.304561569711E-02  9.708315949366E-01 -6.934937492114E+00  1.488387309789E+01
-2.417741909240E-02  5.180482028797E-01 -3.313077497892E+00  5.226613574145E+00
 3.926071842239E-02 -1.099560789621E+00  1.043604376082E+01 -3.372761361803E+01
-2.413148871461E-02  6.121028693763E-01 -4.969583355985E+00  1.249119305734E+01
 3.440908034745E-02 -1.056325550303E+00  1.088069806180E+01 -3.770203593514E+01
 3.834504548249E-03 -1.390794024161E-01  1.708146445268E+00 -7.126558759317E+00
 1.386260540611E-03 -5.828399388010E-02  8.193664246195E-01 -3.867610190877E+00
-3.880296710237E+01  5.464534018902E+02 -2.596448920361E+03  4.172795726110E+03
-6.364105903376E+00  1.119184382580E+02 -6.561772401333E+02  1.284916314244E+03
-1.025307524932E+01  1.669679808875E+02 -9.159250604379E+02  1.693451164730E+03
-5.761128401919E+00  9.993542160388E+01 -5.824866931329E+02  1.140580027447E+03
-4.615296442399E+00  8.195964207747E+01 -4.884856384817E+02  9.767264559684E+02
-2.648325602586E+00  4.960552816234E+01 -3.110912869791E+02  6.525147045898E+02
-2.194530880144E+00  4.179410146271E+01 -2.662705045812E+02  5.667898700043E+02
-1.134446469817E+00  2.273983551170E+01 -1.521082058171E+02  3.387914196062E+02
-9.074019182235E-01  1.848515948291E+01 -1.255315330167E+02  2.834546982479E+02
-4.154091155098E-01  8.891041110069E+00 -6.316811843996E+01  1.483304813062E+02
-1.339413970250E-01  2.980293318226E+00 -2.179339773358E+01  5.179065072158E+01
-1.690475071435E-02  3.470545000896E-01 -2.044763435126E+00  2.420741841026E+00
-1.333658416983E-02  2.614825268011E-01 -1.360684375531E+00  5.978143839261E-01
 3.015642502946E-02 -8.476581009714E-01  8.067598116482E+00 -2.611732071613E+01
-1.318451539363E-02  3.225083455350E-01 -2.463560065084E+00  5.475166319373E+00
 2.321477332446E-02 -7.149150838575E-01  7.392390044420E+00 -2.573673538291E+01
 2.623879554185E-03 -9.724346325245E-02  1.216218595866E+00 -5.151289187603E+00
 2.088183617728E-03 -7.957533857811E-02  1.021973891059E+00 -4.439429228889E+00
-1.411166369626E-01  1.863460902627E+01 -1.806173494887E+02  4.668907620923E+02
-9.032461603942E+00  1.377248354245E+02 -7.123136585335E+02  1.258170480482E+03
-3.462222803598E+00  5.885428405669E+01 -3.400637623406E+02  6.725275038083E+02
-2.863867279753E+00  4.992125172302E+01 -2.956091597228E+02  5.987858650246E+02
-1.921256286187E+00  3.513313003310E+01 -2.182748789404E+02  4.639797458258E+02
-1.263651607373E+00  2.431431175638E+01 -1.589450273668E+02  3.555258387478E+02
-9.201720195398E-01  1.840074478141E+01 -1.250077784841E+02  2.906052762647E+02
-5.989142443135E-01  1.262487646923E+01 -9.039315905232E+01  2.214571395054E+02
-5.919229144143E-01  1.249236060962E+01 -8.955600781692E+01  2.196944774247E+02
-2.176378231868E-01  5.192910133790E+00 -4.210383848537E+01  1.168691161949E+02
-1.743752879749E-01  4.284242021876E+00 -3.574207363916E+01  1.020224501776E+02
-9.678642442385E-02  2.538374079765E+00 -2.264718323397E+01  6.928304207174E+01
-4.244275227251E-02  1.234021935181E+00 -1.221152777883E+01  4.145237554256E+01
-3.546977615354E-02  1.056055499057E+00 -1.069748816222E+01  3.715883485229E+01
-1.952909335540E-02  6.255512569935E-01 -6.822009535382E+00  2.552961305805E+01
-1.377414445852E-02  4.615106667948E-01 -5.263395295706E+00  2.059329173610E+01
-8.956121519831E-03  3.169613452965E-01 -3.817818028161E+00  1.577442827180E+01
-1.544180468732E-03  7.237898572363E-02 -1.127542025557E+00  5.910564212450E+00
-1.586033047560E+03  2.237358365196E+04 -1.064279761395E+05  1.711039256331E+05
-3.210438711315E+02  5.428411813786E+03 -3.076492815204E+04  5.848785381069E+04
-4.320274899384E+02  6.999315456511E+03 -3.817665378825E+04  7.014435587421E+04
-2.399804413427E+02  4.133470425472E+03 -2.392135350198E+04  4.650810231695E+04
-1.760493493542E+02  3.130588633124E+03 -1.867731516236E+04  3.736780216649E+04
-1.137564336739E+02  2.105928670184E+03 -1.305908576678E+04  2.709952079373E+04
-7.521109060826E+01  1.442483569749E+03 -9.252666056439E+03  1.981993007500E+04
-4.797971031676E+01  9.530037132183E+02 -6.319891864835E+03  1.396258162694E+04
-3.172908042849E+01  6.485040148630E+02 -4.418015981964E+03  1.000293788748E+04
-1.543111572992E+01  3.306901083209E+02 -2.352202546266E+03  5.526959551498E+03
-4.934403043239E+00  1.102598732538E+02 -8.091960821098E+02  1.926623369161E+03
-1.198756097875E+00  2.620899693768E+01 -1.788233658920E+02  3.507137352368E+02
 2.350192890593E-02 -3.124053198046E+00  5.583190878873E+01 -2.750093632347E+02
 4.111458632001E-01 -1.300810669348E+01  1.398390250657E+02 -5.130088176920E+02
 3.238404662433E-01 -1.065024827458E+01  1.186127933718E+02 -4.493136299962E+02
 3.123869195626E-01 -1.032340821112E+01  1.155038913116E+02 -4.394563915665E+02
 1.760350217477E-01 -6.232719278862E+00  7.459571265760E+01 -3.030916004376E+02
 6.640207499699E-02 -2.614867249394E+00  3.479972296226E+01 -1.571743572292E+02
-4.926266232866E+01  6.924851951669E+02 -3.290029530796E+03  5.299994003055E+03
-4.555880025644E+00  9.361545487452E+01 -6.159764697528E+02  1.319963810556E+03
-1.258293714977E+01  2.072481458303E+02 -1.152179351562E+03  2.163364420490E+03
-7.190349984212E+00  1.267733998939E+02 -7.518654792465E+02  1.499590398177E+03
-6.015128315001E+00  1.083338007502E+02 -6.554245769472E+02  1.331458870549E+03
-4.070960085207E+00  7.635304484243E+01 -4.800679649216E+02  1.010954389155E+03
-3.012517919624E+00  5.813417160536E+01 -3.755347148221E+02  8.110299203190E+02
-1.896844799949E+00  3.807989419161E+01 -2.553758944364E+02  5.710455913143E+02
-1.461773498999E+00  2.992727886033E+01 -2.044531308597E+02  4.650212759013E+02
-6.815081502885E-01  1.471194213194E+01 -1.055523992293E+02  2.507341256887E+02
-2.591193064795E-01  5.841791709982E+00 -4.346144919760E+01  1.058554727166E+02
-6.843100113341E-02  1.551258816114E+00 -1.128210369547E+01  2.540622791275E+01
-9.529326508037E-03  1.376609292636E-01  2.631960641687E-02 -4.748551152091E+00
 4.066149990474E-02 -1.142082297782E+00  1.090310060807E+01 -3.556318278283E+01
-3.540217788675E-02  9.117155070520E-01 -7.581787708040E+00  1.989361098058E+01
 4.610759768307E-02 -1.411224169653E+00  1.448529906914E+01 -4.998285140915E+01
 4.068616877081E-03 -1.500044425496E-01  1.872601107227E+00 -7.938863694395E+00
 1.890317384527E-03 -7.810395621018E-02  1.081514991177E+00 -5.037558640321E+00
-4.926266232866E+01  6.924851951669E+02 -3.290029530796E+03  5.299994003055E+03
-4.555880025644E+00  9.361545487452E+01 -6.159764697528E+02  1.319963810556E+03
-1.258293714977E+01  2.072481458303E+02 -1.152179351562E+03  2.163364420490E+03
-7.190349984212E+00  1.267733998939E+02 -7.518654792465E+02  1.499590398177E+03
-6.015128315001E+00  1.083338007502E+02 -6.554245769472E+02  1.331458870549E+03
-4.070960085207E+00  7.635304484243E+01 -4.800679649216E+02  1.010954389155E+03
-3.012517919624E+00  5.813417160536E+01 -3.755347148221E+02  8.110299203190E+02
-1.896844799949E+00  3.807989419161E+01 -2.553758944364E+02  5.710455913143E+02
-1.461773498999E+00  2.992727886033E+01 -2.044531308597E+02  4.650212759013E+02
-6.815081502885E-01  1.471194213194E+01 -1.055523992293E+02  2.507341256887E+02
-2.591193064795E-01  5.841791709982E+00 -4.346144919760E+01  1.058554727166E+02
-6.843100113341E-02  1.551258816114E+00 -1.128210369547E+01  2.540622791275E+01
-9.529326508037E-03  1.376609292636E-01  2.631960641687E-02 -4.748551152091E+00
 4.066149990474E-02 -1.142082297782E+00  1.090310060807E+01 -3.556318278283E+01
-3.540217788675E-02  9.117155070520E-01 -7.581787708040E+00  1.989361098058E+01
 4.610759768307E-02 -1.411224169653E+00  1.448529906914E+01 -4.998285140915E+01
 4.068616877081E-03 -1.500044425496E-01  1.872601107227E+00 -7.938863694395E+00
 1.890317384527E-03 -7.810395621018E-02  1.081514991177E+00 -5.037558640321E+00
-1.218847847782E-01  2.133038075056E+01 -2.112629831691E+02  5.539272538044E+02
-1.041843537559E+01  1.592409899758E+02 -8.269818036974E+02  1.470244821696E+03
-3.690932808617E+00  6.398364046231E+01 -3.773865213359E+02  7.629122964306E+02
-3.610301109907E+00  6.277431909363E+01 -3.713409287193E+02  7.528384001817E+02
-2.003680496017E+00  3.757103790574E+01 -2.395518801581E+02  5.231283225312E+02
-1.725016554775E+00  3.298443366919E+01 -2.143878722636E+02  4.771083440545E+02
-1.096324792024E+00  2.216168627870E+01 -1.522844147937E+02  3.583203516914E+02
-7.908154484015E-01  1.666865817743E+01 -1.193630653569E+02  2.925512484156E+02
-7.700060958916E-01  1.627733689845E+01 -1.169101596152E+02  2.874261666237E+02
-2.913600206898E-01  6.942977376034E+00 -5.623189774712E+01  1.559459759008E+02
-2.237763823225E-01  5.523460659191E+00 -4.629346924690E+01  1.327521075645E+02
-1.374128440954E-01  3.580147239919E+00 -3.171761907056E+01  9.630999338647E+01
-5.326642507959E-02  1.560560778504E+00 -1.556034552280E+01  5.322237199895E+01
-4.744907229950E-02  1.412136981263E+00 -1.429805681130E+01  4.964395552569E+01
-2.629081868061E-02  8.407471072104E-01 -9.154489787144E+00  3.421006521843E+01
-1.819752107267E-02  6.100014136519E-01 -6.961594680232E+00  2.726336950980E+01
-1.163849810627E-02  4.132192136508E-01 -4.993656613491E+00  2.070318587610E+01
-2.493904962146E-03  1.114377338931E-01 -1.673954609568E+00  8.530569408809E+00
