0.008780  0.008922  0.009329  0.009409  0.008652  0.008652  0.008652  0.008652  0.007533  0.007533  0.008341  0.007533
0.383588  0.385735  0.378531  0.387018  0.387052  0.387052  0.385735  0.388195  0.378531  0.385735  0.382475  0.388195
-0.192426 -0.845733 0.420165  -0.104743 0.378974  -0.357679 -0.228468 -0.709779 0.374842  -0.450058 -0.114842 -0.361571
0.321289  -0.850137 0.439008  -0.150941 0.240070  -0.206371 0.244438  -0.332701 -0.432676 0.792966  -0.274758 0.227921
-0.042249 -0.520157 0.642636  0.374521  0.220815  -0.551561 0.445204  -0.018474 0.099439  0.178445  0.320780  0.665217
0.870234  0.396451  -0.313056 -0.766418 -0.215188 -0.647151 0.927008  0.037427  -0.213525 0.449779  0.001667  0.284775
0.515911  0.358422  0.380750  0.103872  0.661695  0.278934  -0.366216 -0.036054 0.309582  0.319947  0.141678  -0.114905
-0.149423 -0.180137 0.139290  0.176680  0.382671  -0.023838 0.812497  -0.256228 0.299306  0.172904  -0.110035 0.038238
-0.155194 -0.197272 -0.109393 -0.069667 0.404607  0.620638  -0.742049 -0.110234 -0.201921 -0.340034 0.553672  0.209678
-0.115998 -0.276546 0.646515  0.214033  -0.336046 0.290828  -0.273145 0.534803  1.077253  -0.229970 0.278580  -0.417147
-0.251141 0.036308  -0.271410 0.112977  0.173915  0.073086  -0.490723 0.017274  0.171185  0.634164  -0.462721 -0.021624
1.865426  0.373523  0.414028  0.814549  -0.234929 0.825239  -1.092099 1.517184  -0.912052
1.154397  -0.831423 0.627666  -0.403957 1.441672  -0.711865 0.065159  -0.457575 -0.142270
-0.499592 0.584359  -0.522936 -0.141204 0.467662  0.976112  0.504863  -1.159940 0.236618
-0.227580 0.287678  -0.045945 -0.289967 1.265162  -0.806670 -0.558653 -0.098030 -1.040073
-0.779143 -0.562555 1.098628  -1.173914 -2.362674 1.305757  -0.634741 0.269701  0.964603
-0.294323 0.362832  -0.440994 -0.528862 0.338068  -0.561402 -0.313166 0.482292  -0.686374
-0.267452 0.284243  1.164798  -1.919943 -0.182746 -0.134842 0.166224  -0.409226 -0.574663
0.199042  0.194861  0.318981  0.613358  0.452607  -0.573444 0.058018  -0.857987 0.916013
0.607727  -1.343576 0.455121  0.121888  0.278009  0.336962  0.176541  -0.457240 0.090917
-0.624733 1.436384  -0.526769 0.087254  -0.213561 -1.064081 1.009887  0.888777  -1.343724
-0.156838 -0.299275 -0.661074 0.660524  -0.127295 0.717659  0.694181  0.512890  -0.121198
-0.190182 0.863794  0.803969  -0.893009 0.141386  0.187960  -0.279224 -0.861713 0.394643
0.129295  0.214105  -1.150275 -0.237716 -0.208666 0.047394  -0.710044 -0.100108 -0.898861
-0.079126 0.323449  1.241277  -0.922173 0.581592  0.191969  0.053980  -0.341799 0.777173
0.372414  -0.155479 0.833003  -0.506776 0.327729  0.246078  0.453621  -0.509771 0.783774
0.270771  -0.431645 -0.032123 -0.203998 0.634093  -0.180354 -1.291991 0.095674  0.634798
0.703674  -0.219718 -0.141585 0.433004  0.719695  -0.034557 0.215753  0.111006  -0.087696
-0.389476 0.005674  0.968447  -0.190823 0.621886  -1.571498 0.191948  -0.377867 -1.230444
0.400449  0.124145  -0.566142 -0.109290 1.324724  1.997185  0.810764  -1.901326 0.710900
-0.161819 0.495107  0.412029  0.472134  0.378712  -0.138504 0.492279  0.558041  -0.003556
0.000529  0.805684  -0.427128 -0.576264 0.035090  0.190892  -0.505114 0.573277  0.745119
-0.417108 -0.772052 0.286631  -0.900207 0.168993  -0.159705 -0.981384 -0.360858 0.561439
-0.864646 0.582115  0.113074  0.100770  -0.058981 -0.490219 0.709597  0.807737  0.291728
-0.562518 1.015396  -1.038619 -0.336269 -0.053967 -0.336271 -0.714292 0.455592  -0.985131
-1.162090 -0.292423 0.312454  -1.223116 -0.049542 -0.117661 -0.868263 -1.307218 0.525961
-0.099241 0.246761  1.742609  0.255156  -1.338475 -0.595414 0.365965  -0.300144 0.561069
1.226702  -1.585972 0.267039  0.205998  1.143376  0.027949  -1.214951 -0.497385 -0.392733
0.468460  0.030791  -0.584392 0.484978  1.836563  -0.851611 0.093042  -0.411390 -0.369807
0.121877  -0.809606 -0.019651 -0.122298 -0.804862 0.757161  -0.609175 0.761616  -0.904257
-0.422153 -0.289519 0.349955  -0.617461 0.031085  0.247849  -0.318593 -1.106007 -0.136466
0.536970  0.307158  0.394595  -0.020851 0.412977  -0.052023 -0.465204 -0.903178 0.133640
0.522013  -0.120819 0.174196  0.358662  0.146306  0.114008  0.443751  -0.231501 -1.254195
-0.044026 -1.626007 0.534177  -0.005276 -0.197430 -0.243934 0.499368  -0.057251 -0.878206
-0.731065 0.628992  -0.556740 -0.437890 0.023127  0.878812  0.096267  0.132086  -0.607718
-0.474797 1.670147  0.857114  -1.489098 -1.810115 0.893081  0.015493  0.763193  -1.059227
-0.833608 1.178877  -0.012775 0.219980  0.279856  -0.747947 0.762928  -0.499439 0.764730
0.657067  0.117994  -0.454768 0.332629  0.018983  0.485890  0.242709  0.263086  -0.713450
0.251346  0.002549  -0.005189 0.552145  -0.415026 0.391860  0.720512  0.079214  0.807149
-0.537618 1.264885  -0.537422 0.043555  -0.223187 0.245733  0.894111  0.296897  -1.767845
1.067671  0.180459  -0.619007 -0.586902 -0.038061 1.209293  1.455214  0.236779  0.718831
-0.990032 0.511961  -0.270540 0.924592  -0.635020 -0.872434 -0.287269 0.454869  0.086313
-0.612378 0.260574  0.081138  0.043337  0.527007  0.455703  0.395329  0.458357  -0.157982
-0.934089 -0.288793 -0.148489 -0.355681 -0.977886 0.226054  0.777005  -0.758295 -1.091438
0.517760  0.141511  0.775955  -1.040595 0.655493  -0.422398 1.279243  0.531569  1.106371
0.279588  -0.180045 -0.299385 -0.314232 0.289400  -0.903309 -0.697048 0.026197  -0.446635
-0.071330 -0.062933 0.295324  -0.884649 -0.450056 0.046572  -0.076217 0.634175  -0.562508
0.346288  -0.294719 -1.113713 -0.512330 -0.999146 0.728923  -0.147667 -0.571651 -0.959264
0.521452  -0.834631 0.877239  0.564447  -0.064149 0.100946  1.115786  -0.349003 0.243088
-0.520492 0.328780  -0.389029 1.271369  -0.244844 -0.822335 0.120380  0.118481  0.395231
1.149609  -0.369390 0.445140  -2.305863 0.602897  -0.243762 1.743328  1.258197  0.040908
0.115665  0.561562  -0.246207 0.205624  -0.086069 0.859079  0.049239  -0.749704 0.737542
0.356418  1.327828  -0.487121 -1.301628 0.428061  0.513505  -0.177468 0.525941  0.676918
0.346424  -0.558985 -0.238640 0.684129  -0.626544 1.919902  -1.020620 -0.554201 -1.425864
0.189499  0.479658  -0.885354 0.121756  -0.385930 0.914459  0.124882  0.232316  0.348529
0.776342  -0.444626 -0.201286 0.696821  -0.143467 0.873820  -0.665608 0.992669  2.077201
0.781060  0.667676  0.099899  -1.554920 -0.222484 0.602628  1.071521  0.787667  -0.282325
0.160062  1.183281  -0.793222 0.029082  0.263315  0.063293  0.405893  0.276819  0.193656
-0.023482 -1.024184 0.561313  1.997089  -0.711922 -0.214326 0.055265  -0.010188 1.089896
-0.123171 -0.052228 -0.433500 0.395074  -0.661029 0.052206  0.810875  1.028790  0.020278
-0.764926 0.524591  1.201372  0.132686  -0.028612 -0.412985 -0.009925 -0.141437 -0.239444
-0.768514 0.158682  -0.448443 -0.058222 -1.095214 0.585446  -0.683439 0.803936  -0.696048
3.337538  1.096658  -1.937378 -0.203062 -2.376013 -1.971984 0.042653  -1.724437 -0.371860
-1.153062 0.577335  -0.456542 -0.520204 -0.453685 -1.412039 0.937712  0.883631  1.809783
-0.871076 -1.494096 -0.541044 -0.412471 -0.636566 0.158701  0.357999  0.407093  1.171962
0.905571  -0.629746 -0.175540 -0.094166 -0.163299 1.753418  0.581988  0.021022  0.231917
-0.362371 -0.208170 -0.269202 1.534020  -0.648835 -0.344163 0.097175  0.913367  0.104674
0.793327  -1.619105 -0.223962 1.259460  -0.098537 -0.524908 0.616578  1.113057  0.409643
-0.345551 -0.462461 -0.505135 -0.379095 -0.017570 1.337632  -0.561890 -0.097508 0.814294
-0.950588 0.674124  -0.754614 0.101854  1.283427  0.352690  -0.159486 1.307358  0.336700
1.268422  0.052596  0.229926  -1.939021 -0.378492 -0.762150 -1.477934 -0.678162 0.507193
-0.119766 -1.216669 1.640830  -0.246092 0.133926  0.489277  -0.303595 -2.221150 0.992261
-0.245313 -1.229844 -1.158647 -0.101784 -0.447318 0.848433  0.078098  0.925511  0.383868
-0.220217 0.292069  0.708190  0.072643  0.045887  0.823371  0.307970  -0.867771 0.591389
0.233589  -0.944271 -0.661660 -0.187428 1.001286  -0.724166 -0.624881 0.628734  -1.121519
1.408633  1.250461  0.241806  0.762909  0.757330  0.509472  -0.806138 0.552057  0.301240
-0.150440 0.135431  1.315719  -2.184226 0.151945  -0.036799 0.261835  -0.934370 -0.366228
-0.570587 -1.075462 0.262589  0.068128  -0.547961 -0.343630 0.473282  1.167881  0.937173
0.845429  0.519194  1.148332  0.879180  0.587772  0.258259  0.022186  -0.705794 0.936370
0.418447  -1.122496 1.496939  1.040724  -0.748235 -0.842975 -1.640581 0.122936  -0.047867
1.334677  -0.667813 -0.645423 0.730451  -1.639868 -0.973865 -1.144691 -0.441978 0.963093
0.085316
0.784306
1.617769
0.343152
0.884808
-2.557148
-1.048581
1.281781
2.597282
1.587073
-1.396817
1.167624
-0.369446
-0.241310
-2.016783
-0.639033
2.510948
0.636554
-1.020528
1.287914
1.901844
0.981344
1.234674
1.293936
-0.310560
-0.756793
0.247261
2.134817
-1.260637
1.446892
-1.821567
-2.371681
-0.609957
-1.249626
0.682840
-0.613397
2.165606
1.822744
1.801429
0.137617
-1.220802
-1.313069
-0.223365
-1.541618
1.142892
2.022583
0.142079
0.986118
1.125787
0.398364
-1.068078
-0.743045
-1.513138
1.891635
-1.288663
0.362764
-1.135135
1.397967
-2.976406
-0.694033
1.015109
2.571218
-0.511049
1.762982
0.464248
1.133492
0.536095
1.717663
-0.512307
1.269312
-0.402835
-1.771609
0.913397
-1.218232
0.853010
1.058806
0.915288
0.304494
0.721805
1.997971
0.595654
0.100946
-0.389185
0.607309
-0.459000
-0.120314
-0.723990
-0.962719
0.188815
-2.758672
-1.884729
1.778363
1.302484
-1.796554
1.707785
2.089564
-1.172547
-1.083645
2.286730
0.563105
0.276863
-1.815436
1.719736
1.203539
-0.500357
-1.025131
0.294134
1.621000
-0.028471
-0.693789
-0.002636
0.526239
0.002261
-0.428755
1.882871
-1.038384
1.611648
1.213163
-0.257980
-1.091743
-0.729650
0.135094
0.638884
-1.101919
-0.910529
-0.985006
-0.082022
0.738904
0.129821
-0.830730
0.501918
-0.369925
-0.134892
-0.106955
1.499761
-0.264074
0.324222
-1.546169
0.650849
-0.657708
-0.131978
0.788935
-0.021597
1.040223
0.562300
0.813300
1.465542
1.296517
-0.942938
0.892461
3.168101
-0.963849
-1.526652
1.080037
-0.495016
-0.044316
-0.600893
-1.040968
2.391707
-1.853621
-1.715149
-0.645995
-1.727764
1.947178
2.002262
3.012974
0.496670
-4.090027
0.713883
